20090220 999999.00000
20090221 999999.00000
20090222 -0.09773
20090223 -0.09235
20090224 -0.08691
20090225 -0.08143
20090226 -0.07591
20090227 -0.07035
20090228 -0.06476
20090301 -0.05914
20090302 -0.05348
20090303 -0.04780
20090304 -0.04208
20090305 -0.03633
20090306 -0.03054
20090307 -0.02471
20090308 -0.01885
20090309 -0.01294
20090310 -0.00698
20090311 -0.00096
20090312 0.00511
20090313 0.01126
20090314 0.01751
20090315 0.02386
20090316 0.03039
20090317 0.03706
20090318 0.04384
20090319 0.05074
20090320 0.05774
20090321 0.06487
20090322 0.07213
20090323 0.07954
20090324 0.08712
20090325 0.09495
20090326 0.10311
20090327 0.11148
20090328 0.11999
20090329 0.12861
20090330 0.13730
20090331 0.14604
20090401 0.15480
20090402 0.16354
20090403 0.17225
20090404 0.18090
20090405 0.18946
20090406 0.19792
20090407 0.20624
20090408 0.21441
20090409 0.22240
20090410 0.23019
20090411 0.23776
20090412 0.24509
20090413 0.25215
20090414 0.25893
20090415 0.26540
20090416 0.27155
20090417 0.27736
20090418 0.28282
20090419 0.28790
20090420 0.29260
20090421 0.29689
20090422 0.30077
20090423 0.30423
20090424 0.30726
20090425 0.30985
20090426 0.31199
20090427 0.31367
20090428 0.31490
20090429 0.31568
20090430 0.31600
20090501 0.31586
20090502 0.31527
20090503 0.31424
20090504 0.31276
20090505 0.31085
20090506 0.30852
20090507 0.30579
20090508 0.30265
20090509 0.29914
20090510 0.29527
20090511 0.29104
20090512 0.28650
20090513 0.28165
20090514 0.27652
20090515 0.27114
20090516 0.26553
20090517 0.25972
20090518 0.25374
20090519 0.24761
20090520 0.24138
20090521 0.23508
20090522 0.22875
20090523 0.22241
20090524 0.21613
20090525 0.20994
20090526 0.20390
20090527 0.19807
20090528 0.19254
20090529 0.18742
20090530 0.18301
20090531 0.17929
20090601 0.17594
20090602 0.17283
20090603 0.16988
20090604 0.16703
20090605 0.16423
20090606 0.16145
20090607 0.15866
20090608 0.15584
20090609 0.15297
20090610 0.15004
20090611 0.14704
20090612 0.14396
20090613 0.14080
20090614 0.13756
20090615 0.13423
20090616 0.13084
20090617 0.12737
20090618 0.12385
20090619 0.12028
20090620 0.11667
20090621 0.11304
20090622 0.10942
20090623 0.10582
20090624 0.10227
20090625 0.09883
20090626 0.09554
20090627 0.09251
20090628 0.08964
20090629 0.08688
20090630 0.08421
20090701 0.08163
20090702 0.07913
20090703 0.07670
20090704 0.07436
20090705 0.07212
20090706 0.06997
20090707 0.06794
20090708 0.06605
20090709 0.06430
20090710 0.06272
20090711 0.06135
20090712 0.06019
20090713 0.05931
20090714 0.05874
20090715 0.05858
20090716 0.05901
20090717 0.05987
20090718 0.06108
20090719 0.06261
20090720 0.06443
20090721 0.06649
20090722 0.06875
20090723 0.07118
20090724 0.07374
20090725 0.07642
20090726 0.07918
20090727 0.08202
20090728 0.08491
20090729 0.08782
20090730 0.09075
20090731 0.09368
20090801 0.09659
20090802 0.09947
20090803 0.10229
20090804 0.10506
20090805 0.10776
20090806 0.11038
20090807 0.11290
20090808 0.11533
20090809 0.11765
20090810 0.11986
20090811 0.12195
20090812 0.12392
20090813 0.12576
20090814 0.12748
20090815 0.12907
20090816 0.13053
20090817 0.13187
20090818 0.13309
20090819 0.13420
20090820 0.13519
20090821 0.13608
20090822 0.13688
20090823 0.13760
20090824 0.13824
20090825 0.13883
20090826 0.13937
20090827 0.13989
20090828 0.14040
20090829 0.14093
20090830 0.14150
20090831 0.14217
20090901 0.14297
20090902 0.14391
20090903 0.14498
20090904 0.14621
20090905 0.14763
20090906 0.14926
20090907 0.15111
20090908 0.15318
20090909 0.15547
20090910 0.15792
20090911 0.16051
20090912 0.16320
20090913 0.16599
20090914 0.16885
20090915 0.17178
20090916 0.17476
20090917 0.17780
20090918 0.18087
20090919 0.18399
20090920 0.18715
20090921 0.19036
20090922 0.19361
20090923 0.19692
20090924 0.20029
20090925 0.20375
20090926 0.20730
20090927 0.21098
20090928 0.21481
20090929 0.21885
20090930 0.22308
20091001 0.22749
20091002 0.23210
20091003 0.23694
20091004 0.24201
20091005 0.24735
20091006 0.25300
20091007 0.25900
20091008 0.26541
20091009 0.27234
20091010 0.28002
20091011 0.28838
20091012 0.29728
20091013 0.30659
20091014 0.31625
20091015 0.32621
20091016 0.33642
20091017 0.34684
20091018 0.35745
20091019 0.36820
20091020 0.37908
20091021 0.39003
20091022 0.40104
20091023 0.41209
20091024 0.42313
20091025 0.43415
20091026 0.44512
20091027 0.45601
20091028 0.46680
20091029 0.47747
20091030 0.48799
20091031 0.49833
20091101 0.50849
20091102 0.51843
20091103 0.52814
20091104 0.53759
20091105 0.54678
20091106 0.55567
20091107 0.56427
20091108 0.57255
20091109 0.58049
20091110 0.58810
20091111 0.59536
20091112 0.60226
20091113 0.60879
20091114 0.61495
20091115 0.62074
20091116 0.62615
20091117 0.63119
20091118 0.63585
20091119 0.64014
20091120 0.64407
20091121 0.64763
20091122 0.65085
20091123 0.65373
20091124 0.65628
20091125 0.65852
20091126 0.66046
20091127 0.66212
20091128 0.66353
20091129 0.66469
20091130 0.66564
20091201 0.66640
20091202 0.66700
20091203 0.66747
20091204 0.66783
20091205 0.66814
20091206 0.66843
20091207 0.66879
20091208 0.66928
20091209 0.66984
20091210 0.67047
20091211 0.67119
20091212 0.67200
20091213 0.67292
20091214 0.67398
20091215 0.67521
20091216 0.67662
20091217 0.67826
20091218 0.68019
20091219 0.68250
20091220 0.68542
20091221 0.68875
20091222 0.69233
20091223 0.69607
20091224 0.69988
20091225 0.70372
20091226 0.70756
20091227 0.71133
20091228 0.71503
20091229 0.71860
20091230 0.72204
20091231 0.72531
20100101 0.72839
20100102 0.73127
20100103 0.73393
20100104 0.73636
20100105 0.73855
20100106 0.74048
20100107 0.74215
20100108 0.74356
20100109 0.74470
20100110 0.74557
20100111 0.74616
20100112 0.74649
20100113 0.74656
20100114 0.74637
20100115 0.74592
20100116 0.74523
20100117 0.74430
20100118 0.74316
20100119 0.74180
20100120 0.74025
20100121 0.73852
20100122 0.73663
20100123 0.73460
20100124 0.73245
20100125 0.73020
20100126 0.72787
20100127 0.72550
20100128 0.72311
20100129 0.72074
20100130 0.71845
20100131 0.71632
20100201 0.71444
20100202 0.71272
20100203 0.71112
20100204 0.70965
20100205 0.70831
20100206 0.70711
20100207 0.70608
20100208 0.70536
20100209 0.70484
20100210 0.70450
20100211 0.70434
20100212 0.70436
20100213 0.70459
20100214 0.70505
20100215 0.70580
20100216 0.70697
20100217 0.70861
20100218 0.71054
20100219 0.71266
20100220 0.71491
20100221 0.71725
20100222 0.71965
20100223 0.72205
20100224 0.72444
20100225 0.72679
20100226 0.72907
20100227 0.73126
20100228 0.73333
20100301 0.73527
20100302 0.73706
20100303 0.73868
20100304 0.74011
20100305 0.74134
20100306 0.74236
20100307 0.74316
20100308 0.74373
20100309 0.74406
20100310 0.74414
20100311 0.74397
20100312 0.74355
20100313 0.74286
20100314 0.74192
20100315 0.74072
20100316 0.73927
20100317 0.73756
20100318 0.73560
20100319 0.73340
20100320 0.73096
20100321 0.72829
20100322 0.72541
20100323 0.72231
20100324 0.71902
20100325 0.71554
20100326 0.71189
20100327 0.70809
20100328 0.70415
20100329 0.70008
20100330 0.69591
20100331 0.69166
20100401 0.68734
20100402 0.68300
20100403 0.67864
20100404 0.67429
20100405 0.66999
20100406 0.66577
20100407 0.66164
20100408 0.65755
20100409 0.65346
20100410 0.64934
20100411 0.64516
20100412 0.64092
20100413 0.63661
20100414 0.63221
20100415 0.62772
20100416 0.62313
20100417 0.61845
20100418 0.61367
20100419 0.60879
20100420 0.60382
20100421 0.59875
20100422 0.59361
20100423 0.58839
20100424 0.58310
20100425 0.57775
20100426 0.57236
20100427 0.56693
20100428 0.56148
20100429 0.55603
20100430 0.55058
20100501 0.54514
20100502 0.53973
20100503 0.53436
20100504 0.52902
20100505 0.52375
20100506 0.51855
20100507 0.51343
20100508 0.50841
20100509 0.50352
20100510 0.49878
20100511 0.49422
20100512 0.48990
20100513 0.48595
20100514 0.48230
20100515 0.47889
20100516 0.47568
20100517 0.47267
20100518 0.46985
20100519 0.46725
20100520 0.46492
20100521 0.46283
20100522 0.46099
20100523 0.45940
20100524 0.45808
20100525 0.45713
20100526 0.45654
20100527 0.45625
20100528 0.45621
20100529 0.45642
20100530 0.45686
20100531 0.45751
20100601 0.45836
20100602 0.45941
20100603 0.46063
20100604 0.46203
20100605 0.46359
20100606 0.46531
20100607 0.46717
20100608 0.46916
20100609 0.47129
20100610 0.47353
20100611 0.47588
20100612 0.47835
20100613 0.48091
20100614 0.48357
20100615 0.48633
20100616 0.48920
20100617 0.49218
20100618 0.49528
20100619 0.49849
20100620 0.50177
20100621 0.50509
20100622 0.50844
20100623 0.51182
20100624 0.51520
20100625 0.51858
20100626 0.52196
20100627 0.52533
20100628 0.52870
20100629 0.53207
20100630 0.53543
20100701 0.53882
20100702 0.54223
20100703 0.54572
20100704 0.54933
20100705 0.55302
20100706 0.55676
20100707 0.56054
20100708 0.56435
20100709 0.56821
20100710 0.57214
20100711 0.57613
20100712 0.58020
20100713 0.58434
20100714 0.58855
20100715 0.59286
20100716 0.59728
20100717 0.60189
20100718 0.60676
20100719 0.61183
20100720 0.61703
20100721 0.62235
20100722 0.62777
20100723 0.63328
20100724 0.63888
20100725 0.64457
20100726 0.65034
20100727 0.65621
20100728 0.66218
20100729 0.66827
20100730 0.67448
20100731 0.68083
20100801 0.68735
20100802 0.69406
20100803 0.70100
20100804 0.70824
20100805 0.71588
20100806 0.72414
20100807 0.73285
20100808 0.74185
20100809 0.75107
20100810 0.76045
20100811 0.76994
20100812 0.77949
20100813 0.78907
20100814 0.79863
20100815 0.80813
20100816 0.81755
20100817 0.82685
20100818 0.83600
20100819 0.84496
20100820 0.85371
20100821 0.86222
20100822 0.87046
20100823 0.87841
20100824 0.88604
20100825 0.89332
20100826 0.90023
20100827 0.90676
20100828 0.91289
20100829 0.91859
20100830 0.92385
20100831 0.92866
20100901 0.93300
20100902 0.93687
20100903 0.94024
20100904 0.94313
20100905 0.94551
20100906 0.94740
20100907 0.94877
20100908 0.94965
20100909 0.95002
20100910 0.94989
20100911 0.94927
20100912 0.94816
20100913 0.94658
20100914 0.94453
20100915 0.94202
20100916 0.93908
20100917 0.93571
20100918 0.93194
20100919 0.92778
20100920 0.92326
20100921 0.91839
20100922 0.91320
20100923 0.90771
20100924 0.90196
20100925 0.89596
20100926 0.88977
20100927 0.88339
20100928 0.87689
20100929 0.87030
20100930 0.86366
20101001 0.85703
20101002 0.85044
20101003 0.84387
20101004 0.83731
20101005 0.83074
20101006 0.82414
20101007 0.81750
20101008 0.81081
20101009 0.80408
20101010 0.79730
20101011 0.79049
20101012 0.78363
20101013 0.77675
20101014 0.76985
20101015 0.76294
20101016 0.75602
20101017 0.74911
20101018 0.74221
20101019 0.73534
20101020 0.72850
20101021 0.72172
20101022 0.71500
20101023 0.70837
20101024 0.70184
20101025 0.69545
20101026 0.68921
20101027 0.68318
20101028 0.67748
20101029 0.67202
20101030 0.66673
20101031 0.66162
20101101 0.65666
20101102 0.65187
20101103 0.64725
20101104 0.64280
20101105 0.63856
20101106 0.63453
20101107 0.63075
20101108 0.62725
20101109 0.62407
20101110 0.62126
20101111 0.61889
20101112 0.61704
20101113 0.61596
20101114 0.61583
20101115 0.61635
20101116 0.61740
20101117 0.61891
20101118 0.62082
20101119 0.62309
20101120 0.62570
20101121 0.62861
20101122 0.63180
20101123 0.63525
20101124 0.63895
20101125 0.64288
20101126 0.64703
20101127 0.65141
20101128 0.65606
20101129 0.66096
20101130 0.66607
20101201 0.67145
20101202 0.67713
20101203 0.68301
20101204 0.68904
20101205 0.69516
20101206 0.70133
20101207 0.70752
20101208 0.71368
20101209 0.71980
20101210 0.72584
20101211 0.73178
20101212 0.73761
20101213 0.74329
20101214 0.74882
20101215 0.75416
20101216 0.75931
20101217 0.76425
20101218 0.76897
20101219 0.77345
20101220 0.77769
20101221 0.78167
20101222 0.78539
20101223 0.78883
20101224 0.79200
20101225 0.79490
20101226 0.79750
20101227 0.79983
20101228 0.80186
20101229 0.80362
20101230 0.80509
20101231 0.80627
20110101 0.80719
20110102 0.80783
20110103 0.80820
20110104 0.80832
20110105 0.80818
20110106 0.80780
20110107 0.80719
20110108 0.80635
20110109 0.80530
20110110 0.80406
20110111 0.80262
20110112 0.80101
20110113 0.79924
20110114 0.79733
20110115 0.79530
20110116 0.79318
20110117 0.79098
20110118 0.78876
20110119 0.78660
20110120 0.78454
20110121 0.78247
20110122 0.78037
20110123 0.77821
20110124 0.77598
20110125 0.77367
20110126 0.77127
20110127 0.76876
20110128 0.76616
20110129 0.76344
20110130 0.76062
20110131 0.75768
20110201 0.75462
20110202 0.75146
20110203 0.74819
20110204 0.74482
20110205 0.74137
20110206 0.73784
20110207 0.73424
20110208 0.73056
20110209 0.72681
20110210 0.72299
20110211 0.71911
20110212 0.71519
20110213 0.71123
20110214 0.70726
20110215 0.70330
20110216 0.69936
20110217 0.69548
20110218 0.69169
20110219 0.68803
20110220 0.68453
20110221 0.68129
20110222 0.67841
20110223 0.67610
20110224 0.67412
20110225 0.67240
20110226 0.67087
20110227 0.66949
20110228 0.66824
20110301 0.66709
20110302 0.66601
20110303 0.66499
20110304 0.66400
20110305 0.66303
20110306 0.66207
20110307 0.66109
20110308 0.66008
20110309 0.65903
20110310 0.65793
20110311 0.65676
20110312 0.65551
20110313 0.65417
20110314 0.65273
20110315 0.65118
20110316 0.64951
20110317 0.64771
20110318 0.64577
20110319 0.64369
20110320 0.64146
20110321 0.63909
20110322 0.63655
20110323 0.63386
20110324 0.63101
20110325 0.62802
20110326 0.62488
20110327 0.62161
20110328 0.61825
20110329 0.61487
20110330 0.61138
20110331 0.60772
20110401 0.60390
20110402 0.59987
20110403 0.59565
20110404 0.59122
20110405 0.58657
20110406 0.58171
20110407 0.57664
20110408 0.57135
20110409 0.56586
20110410 0.56016
20110411 0.55428
20110412 0.54821
20110413 0.54197
20110414 0.53557
20110415 0.52904
20110416 0.52240
20110417 0.51567
20110418 0.50886
20110419 0.50196
20110420 0.49501
20110421 0.48803
20110422 0.48105
20110423 0.47406
20110424 0.46704
20110425 0.46001
20110426 0.45296
20110427 0.44591
20110428 0.43887
20110429 0.43185
20110430 0.42485
20110501 0.41789
20110502 0.41097
20110503 0.40411
20110504 0.39732
20110505 0.39060
20110506 0.38398
20110507 0.37745
20110508 0.37103
20110509 0.36473
20110510 0.35856
20110511 0.35253
20110512 0.34665
20110513 0.34093
20110514 0.33539
20110515 0.33004
20110516 0.32489
20110517 0.31996
20110518 0.31528
20110519 0.31087
20110520 0.30678
20110521 0.30308
20110522 0.29989
20110523 0.29718
20110524 0.29493
20110525 0.29315
20110526 0.29177
20110527 0.29085
20110528 0.29032
20110529 0.29008
20110530 0.29008
20110531 0.29028
20110601 0.29065
20110602 0.29117
20110603 0.29182
20110604 0.29257
20110605 0.29341
20110606 0.29432
20110607 0.29529
20110608 0.29630
20110609 0.29733
20110610 0.29838
20110611 0.29942
20110612 0.30045
20110613 0.30144
20110614 0.30240
20110615 0.30330
20110616 0.30414
20110617 0.30489
20110618 0.30556
20110619 0.30612
20110620 0.30656
20110621 0.30688
20110622 0.30706
20110623 0.30710
20110624 0.30698
20110625 0.30669
20110626 0.30623
20110627 0.30558
20110628 0.30474
20110629 0.30369
20110630 0.30244
20110701 0.30097
20110702 0.29929
20110703 0.29737
20110704 0.29522
20110705 0.29284
20110706 0.29021
20110707 0.28735
20110708 0.28423
20110709 0.28087
20110710 0.27726
20110711 0.27340
20110712 0.26930
20110713 0.26494
20110714 0.26034
20110715 0.25550
20110716 0.25043
20110717 0.24511
20110718 0.23957
20110719 0.23380
20110720 0.22782
20110721 0.22163
20110722 0.21523
20110723 0.20864
20110724 0.20187
20110725 0.19492
20110726 0.18781
20110727 0.18055
20110728 0.17314
20110729 0.16561
20110730 0.15795
20110731 0.15020
20110801 0.14235
20110802 0.13443
20110803 0.12644
20110804 0.11841
20110805 0.11035
20110806 0.10227
20110807 0.09418
20110808 0.08612
20110809 0.07810
20110810 0.07013
20110811 0.06225
20110812 0.05448
20110813 0.04680
20110814 0.03922
20110815 0.03175
20110816 0.02440
20110817 0.01718
20110818 0.01010
20110819 0.00319
20110820 -0.00353
20110821 -0.01004
20110822 -0.01630
20110823 -0.02227
20110824 -0.02783
20110825 -0.03293
20110826 -0.03771
20110827 -0.04225
20110828 -0.04659
20110829 -0.05075
20110830 -0.05474
20110831 -0.05857
20110901 -0.06225
20110902 -0.06577
20110903 -0.06914
20110904 -0.07235
20110905 -0.07539
20110906 -0.07823
20110907 -0.08087
20110908 -0.08327
20110909 -0.08538
20110910 -0.08712
20110911 -0.08838
20110912 -0.08930
20110913 -0.08997
20110914 -0.09041
20110915 -0.09065
20110916 -0.09071
20110917 -0.09058
20110918 -0.09027
20110919 -0.08982
20110920 -0.08924
20110921 -0.08855
20110922 -0.08778
20110923 -0.08694
20110924 -0.08604
20110925 -0.08508
20110926 -0.08407
20110927 -0.08302
20110928 -0.08196
20110929 -0.08091
20110930 -0.07988
20111001 -0.07887
20111002 -0.07791
20111003 -0.07700
20111004 -0.07615
20111005 -0.07537
20111006 -0.07467
20111007 -0.07405
20111008 -0.07352
20111009 -0.07308
20111010 -0.07274
20111011 -0.07249
20111012 -0.07234
20111013 -0.07229
20111014 -0.07233
20111015 -0.07246
20111016 -0.07267
20111017 -0.07297
20111018 -0.07333
20111019 -0.07376
20111020 -0.07423
20111021 -0.07474
20111022 -0.07527
20111023 -0.07581
20111024 -0.07632
20111025 -0.07677
20111026 -0.07714
20111027 -0.07740
20111028 -0.07751
20111029 -0.07742
20111030 -0.07705
20111031 -0.07621
20111101 -0.07487
20111102 -0.07318
20111103 -0.07120
20111104 -0.06897
20111105 -0.06650
20111106 -0.06383
20111107 -0.06096
20111108 -0.05792
20111109 -0.05471
20111110 -0.05135
20111111 -0.04784
20111112 -0.04419
20111113 -0.04040
20111114 -0.03644
20111115 -0.03231
20111116 -0.02804
20111117 -0.02369
20111118 -0.01926
20111119 -0.01478
20111120 -0.01027
20111121 -0.00575
20111122 -0.00123
20111123 0.00328
20111124 0.00777
20111125 0.01221
20111126 0.01661
20111127 0.02094
20111128 0.02521
20111129 0.02941
20111130 0.03352
20111201 0.03754
20111202 0.04147
20111203 0.04531
20111204 0.04904
20111205 0.05267
20111206 0.05620
20111207 0.05962
20111208 0.06294
20111209 0.06616
20111210 0.06928
20111211 0.07231
20111212 0.07524
20111213 0.07810
20111214 0.08088
20111215 0.08361
20111216 0.08628
20111217 0.08891
20111218 0.09153
20111219 0.09415
20111220 0.09679
20111221 0.09951
20111222 0.10237
20111223 0.10548
20111224 0.10877
20111225 0.11217
20111226 0.11565
20111227 0.11919
20111228 0.12277
20111229 0.12638
20111230 0.13001
20111231 0.13368
20120101 0.13740
20120102 0.14110
20120103 0.14478
20120104 0.14839
20120105 0.15192
20120106 0.15535
20120107 0.15866
20120108 0.16183
20120109 0.16485
20120110 0.16770
20120111 0.17036
20120112 0.17282
20120113 0.17506
20120114 0.17707
20120115 0.17884
20120116 0.18036
20120117 0.18161
20120118 0.18259
20120119 0.18328
20120120 0.18368
20120121 0.18378
20120122 0.18358
20120123 0.18307
20120124 0.18224
20120125 0.18110
20120126 0.17964
20120127 0.17787
20120128 0.17578
20120129 0.17337
20120130 0.17066
20120131 0.16765
20120201 0.16433
20120202 0.16072
20120203 0.15683
20120204 0.15267
20120205 0.14824
20120206 0.14356
20120207 0.13863
20120208 0.13348
20120209 0.12810
20120210 0.12253
20120211 0.11677
20120212 0.11084
20120213 0.10475
20120214 0.09851
20120215 0.09216
20120216 0.08569
20120217 0.07914
20120218 0.07251
20120219 0.06583
20120220 0.05911
20120221 0.05238
20120222 0.04565
20120223 0.03894
20120224 0.03227
20120225 0.02568
20120226 0.01919
20120227 0.01281
20120228 0.00658
20120229 0.00048
20120301 -0.00546
20120302 -0.01122
20120303 -0.01678
20120304 -0.02213
20120305 -0.02721
20120306 -0.03201
20120307 -0.03646
20120308 -0.04048
20120309 -0.04383
20120310 -0.04659
20120311 -0.04894
20120312 -0.05099
20120313 -0.05276
20120314 -0.05432
20120315 -0.05567
20120316 -0.05684
20120317 -0.05785
20120318 -0.05871
20120319 -0.05943
20120320 -0.06001
20120321 -0.06046
20120322 -0.06078
20120323 -0.06096
20120324 -0.06101
20120325 -0.06091
20120326 -0.06065
20120327 -0.06019
20120328 -0.05947
20120329 -0.05854
20120330 -0.05749
20120331 -0.05635
20120401 -0.05515
20120402 -0.05391
20120403 -0.05266
20120404 -0.05139
20120405 -0.05014
20120406 -0.04890
20120407 -0.04769
20120408 -0.04652
20120409 -0.04539
20120410 -0.04431
20120411 -0.04328
20120412 -0.04231
20120413 -0.04139
20120414 -0.04052
20120415 -0.03969
20120416 -0.03886
20120417 -0.03801
20120418 -0.03721
20120419 -0.03650
20120420 -0.03589
20120421 -0.03541
20120422 -0.03507
20120423 -0.03488
20120424 -0.03484
20120425 -0.03498
20120426 -0.03529
20120427 -0.03578
20120428 -0.03645
20120429 -0.03732
20120430 -0.03838
20120501 -0.03963
20120502 -0.04107
20120503 -0.04271
20120504 -0.04454
20120505 -0.04655
20120506 -0.04874
20120507 -0.05110
20120508 -0.05363
20120509 -0.05633
20120510 -0.05920
20120511 -0.06222
20120512 -0.06539
20120513 -0.06871
20120514 -0.07216
20120515 -0.07575
20120516 -0.07946
20120517 -0.08328
20120518 -0.08720
20120519 -0.09121
20120520 -0.09530
20120521 -0.09946
20120522 -0.10367
20120523 -0.10792
20120524 -0.11220
20120525 -0.11648
20120526 -0.12074
20120527 -0.12499
20120528 -0.12919
20120529 -0.13333
20120530 -0.13739
20120531 -0.14135
20120601 -0.14514
20120602 -0.14878
20120603 -0.15230
20120604 -0.15571
20120605 -0.15901
20120606 -0.16220
20120607 -0.16528
20120608 -0.16823
20120609 -0.17105
20120610 -0.17373
20120611 -0.17624
20120612 -0.17857
20120613 -0.18068
20120614 -0.18254
20120615 -0.18410
20120616 -0.18520
20120617 -0.18582
20120618 -0.18615
20120619 -0.18626
20120620 -0.18619
20120621 -0.18600
20120622 -0.18570
20120623 -0.18533
20120624 -0.18490
20120625 -0.18444
20120626 -0.18395
20120627 -0.18346
20120628 -0.18298
20120629 -0.18252
20120630 -0.18208
20120701 -0.18169
20120702 -0.18133
20120703 -0.18103
20120704 -0.18079
20120705 -0.18060
20120706 -0.18048
20120707 -0.18043
20120708 -0.18044
20120709 -0.18051
20120710 -0.18065
20120711 -0.18084
20120712 -0.18108
20120713 -0.18136
20120714 -0.18169
20120715 -0.18206
20120716 -0.18249
20120717 -0.18297
20120718 -0.18350
20120719 -0.18407
20120720 -0.18468
20120721 -0.18532
20120722 -0.18597
20120723 -0.18661
20120724 -0.18722
20120725 -0.18778
20120726 -0.18833
20120727 -0.18888
20120728 -0.18942
20120729 -0.18997
20120730 -0.19052
20120731 -0.19107
20120801 -0.19161
20120802 -0.19214
20120803 -0.19265
20120804 -0.19314
20120805 -0.19360
20120806 -0.19400
20120807 -0.19435
20120808 -0.19462
20120809 -0.19478
20120810 -0.19480
20120811 -0.19465
20120812 -0.19435
20120813 -0.19392
20120814 -0.19334
20120815 -0.19261
20120816 -0.19171
20120817 -0.19065
20120818 -0.18942
20120819 -0.18805
20120820 -0.18655
20120821 -0.18495
20120822 -0.18327
20120823 -0.18153
20120824 -0.17974
20120825 -0.17792
20120826 -0.17607
20120827 -0.17421
20120828 -0.17234
20120829 -0.17046
20120830 -0.16858
20120831 -0.16670
20120901 -0.16482
20120902 -0.16294
20120903 -0.16105
20120904 -0.15913
20120905 -0.15717
20120906 -0.15519
20120907 -0.15316
20120908 -0.15108
20120909 -0.14889
20120910 -0.14653
20120911 -0.14407
20120912 -0.14154
20120913 -0.13896
20120914 -0.13634
20120915 -0.13368
20120916 -0.13101
20120917 -0.12832
20120918 -0.12562
20120919 -0.12292
20120920 -0.12023
20120921 -0.11754
20120922 -0.11486
20120923 -0.11218
20120924 -0.10953
20120925 -0.10688
20120926 -0.10425
20120927 -0.10162
20120928 -0.09900
20120929 -0.09638
20120930 -0.09375
20121001 -0.09110
20121002 -0.08842
20121003 -0.08570
20121004 -0.08291
20121005 -0.08002
20121006 -0.07703
20121007 -0.07390
20121008 -0.07060
20121009 -0.06708
20121010 -0.06326
20121011 -0.05903
20121012 -0.05411
20121013 -0.04870
20121014 -0.04294
20121015 -0.03690
20121016 -0.03064
20121017 -0.02419
20121018 -0.01759
20121019 -0.01088
20121020 -0.00407
20121021 0.00279
20121022 0.00968
20121023 0.01658
20121024 0.02347
20121025 0.03032
20121026 0.03710
20121027 0.04381
20121028 0.05040
20121029 0.05688
20121030 0.06320
20121031 0.06936
20121101 0.07534
20121102 0.08111
20121103 0.08666
20121104 0.09198
20121105 0.09704
20121106 0.10183
20121107 0.10634
20121108 0.11056
20121109 0.11447
20121110 0.11807
20121111 0.12137
20121112 0.12437
20121113 0.12704
20121114 0.12936
20121115 0.13132
20121116 0.13291
20121117 0.13413
20121118 0.13499
20121119 0.13546
20121120 0.13557
20121121 0.13531
20121122 0.13468
20121123 0.13369
20121124 0.13234
20121125 0.13064
20121126 0.12860
20121127 0.12624
20121128 0.12356
20121129 0.12057
20121130 0.11729
20121201 0.11373
20121202 0.10992
20121203 0.10586
20121204 0.10158
20121205 0.09710
20121206 0.09243
20121207 0.08761
20121208 0.08265
20121209 0.07757
20121210 0.07241
20121211 0.06718
20121212 0.06192
20121213 0.05665
20121214 0.05140
20121215 0.04620
20121216 0.04108
20121217 0.03607
20121218 0.03119
20121219 0.02645
20121220 0.02189
20121221 0.01751
20121222 0.01331
20121223 0.00932
20121224 0.00553
20121225 0.00198
20121226 -0.00131
20121227 -0.00443
20121228 -0.00741
20121229 -0.01025
20121230 -0.01298
20121231 -0.01561
20130101 -0.01815
20130102 -0.02062
20130103 -0.02302
20130104 -0.02535
20130105 -0.02762
20130106 -0.02984
20130107 -0.03200
20130108 -0.03410
20130109 -0.03613
20130110 -0.03809
20130111 -0.03998
20130112 -0.04182
20130113 -0.04359
20130114 -0.04531
20130115 -0.04696
20130116 -0.04853
20130117 -0.05002
20130118 -0.05140
20130119 -0.05266
20130120 -0.05373
20130121 -0.05458
20130122 -0.05532
20130123 -0.05597
20130124 -0.05656
20130125 -0.05712
20130126 -0.05765
20130127 -0.05815
20130128 -0.05864
20130129 -0.05911
20130130 -0.05958
20130131 -0.06003
20130201 -0.06047
20130202 -0.06089
20130203 -0.06130
20130204 -0.06167
20130205 -0.06202
20130206 -0.06233
20130207 -0.06259
20130208 -0.06279
20130209 -0.06293
20130210 -0.06298
20130211 -0.06293
20130212 -0.06276
20130213 -0.06243
20130214 -0.06188
20130215 -0.06105
20130216 -0.06006
20130217 -0.05895
20130218 -0.05775
20130219 -0.05648
20130220 -0.05516
20130221 -0.05380
20130222 -0.05243
20130223 -0.05104
20130224 -0.04966
20130225 -0.04830
20130226 -0.04696
20130227 -0.04566
20130228 -0.04440
20130301 -0.04320
20130302 -0.04205
20130303 -0.04097
20130304 -0.03996
20130305 -0.03903
20130306 -0.03817
20130307 -0.03741
20130308 -0.03672
20130309 -0.03613
20130310 -0.03563
20130311 -0.03521
20130312 -0.03489
20130313 -0.03466
20130314 -0.03451
20130315 -0.03445
20130316 -0.03446
20130317 -0.03456
20130318 -0.03472
20130319 -0.03494
20130320 -0.03521
20130321 -0.03551
20130322 -0.03585
20130323 -0.03620
20130324 -0.03656
20130325 -0.03692
20130326 -0.03727
20130327 -0.03759
20130328 -0.03787
20130329 -0.03809
20130330 -0.03820
20130331 -0.03815
20130401 -0.03796
20130402 -0.03766
20130403 -0.03728
20130404 -0.03682
20130405 -0.03628
20130406 -0.03567
20130407 -0.03498
20130408 -0.03421
20130409 -0.03336
20130410 -0.03242
20130411 -0.03141
20130412 -0.03031
20130413 -0.02913
20130414 -0.02786
20130415 -0.02649
20130416 -0.02502
20130417 -0.02344
20130418 -0.02175
20130419 -0.01993
20130420 -0.01796
20130421 -0.01584
20130422 -0.01353
20130423 -0.01100
20130424 -0.00816
20130425 -0.00502
20130426 -0.00168
20130427 0.00181
20130428 0.00544
20130429 0.00918
20130430 0.01303
20130501 0.01695
20130502 0.02095
20130503 0.02501
20130504 0.02912
20130505 0.03329
20130506 0.03749
20130507 0.04174
20130508 0.04603
20130509 0.05037
20130510 0.05474
20130511 0.05918
20130512 0.06367
20130513 0.06823
20130514 0.07287
20130515 0.07762
20130516 0.08252
20130517 0.08758
20130518 0.09275
20130519 0.09802
20130520 0.10336
20130521 0.10877
20130522 0.11425
20130523 0.11977
20130524 0.12534
20130525 0.13096
20130526 0.13662
20130527 0.14231
20130528 0.14803
20130529 0.15378
20130530 0.15958
20130531 0.16545
20130601 0.17137
20130602 0.17734
20130603 0.18333
20130604 0.18937
20130605 0.19545
20130606 0.20158
20130607 0.20779
20130608 0.21409
20130609 0.22050
20130610 0.22706
20130611 0.23381
20130612 0.24084
20130613 0.24833
20130614 0.25617
20130615 0.26428
20130616 0.27263
20130617 0.28120
20130618 0.28998
20130619 0.29894
20130620 0.30807
20130621 0.31736
20130622 0.32681
20130623 0.33640
20130624 0.34611
20130625 0.35595
20130626 0.36591
20130627 0.37597
20130628 0.38613
20130629 0.39638
20130630 0.40673
20130701 0.41716
20130702 0.42769
20130703 0.43832
20130704 0.44911
20130705 0.46004
20130706 0.47103
20130707 0.48204
20130708 0.49305
20130709 0.50403
20130710 0.51495
20130711 0.52579
20130712 0.53654
20130713 0.54718
20130714 0.55769
20130715 0.56806
20130716 0.57828
20130717 0.58833
20130718 0.59820
20130719 0.60789
20130720 0.61738
20130721 0.62667
20130722 0.63575
20130723 0.64462
20130724 0.65328
20130725 0.66172
20130726 0.66995
20130727 0.67797
20130728 0.68577
20130729 0.69337
20130730 0.70077
20130731 0.70798
20130801 0.71500
20130802 0.72185
20130803 0.72853
20130804 0.73507
20130805 0.74147
20130806 0.74775
20130807 0.75393
20130808 0.76004
20130809 0.76608
20130810 0.77209
20130811 0.77810
20130812 0.78413
20130813 0.79022
20130814 0.79640
20130815 0.80273
20130816 0.80933
20130817 0.81618
20130818 0.82327
20130819 0.83061
20130820 0.83825
20130821 0.84622
20130822 0.85456
20130823 0.86334
20130824 0.87267
20130825 0.88267
20130826 0.89334
20130827 0.90477
20130828 0.91684
20130829 0.92944
20130830 0.94254
20130831 0.95610
20130901 0.97008
20130902 0.98447
20130903 0.99923
20130904 1.01436
20130905 1.02982
20130906 1.04562
20130907 1.06172
20130908 1.07814
20130909 1.09485
20130910 1.11186
20130911 1.12916
20130912 1.14675
20130913 1.16465
20130914 1.18285
20130915 1.20139
20130916 1.22028
20130917 1.23955
20130918 1.25927
20130919 1.27949
20130920 1.30035
20130921 1.32218
20130922 1.34478
20130923 1.36798
20130924 1.39168
20130925 1.41583
20130926 1.44037
20130927 1.46526
20130928 1.49045
20130929 1.51591
20130930 1.54159
20131001 1.56746
20131002 1.59348
20131003 1.61962
20131004 1.64583
20131005 1.67207
20131006 1.69831
20131007 1.72449
20131008 1.75059
20131009 1.77655
20131010 1.80234
20131011 1.82790
20131012 1.85319
20131013 1.87817
20131014 1.90279
20131015 1.92700
20131016 1.95076
20131017 1.97402
20131018 1.99672
20131019 2.01883
20131020 2.04030
20131021 2.06109
20131022 2.08114
20131023 2.10042
20131024 2.11889
20131025 2.13649
20131026 2.15321
20131027 2.16900
20131028 2.18382
20131029 2.19764
20131030 2.21045
20131031 2.22220
20131101 999999.00000
20131102 999999.00000
20131103 999999.00000
20131104 999999.00000
20131105 999999.00000
20131106 2.26952
20131107 2.27343
20131108 2.27619
20131109 2.27780
20131110 2.27828
20131111 2.27762
20131112 2.27584
20131113 2.27297
20131114 2.26902
20131115 2.26400
20131116 2.25796
20131117 2.25092
20131118 2.24290
20131119 2.23395
20131120 2.22409
20131121 2.21338
20131122 2.20184
20131123 2.18952
20131124 2.17647
20131125 2.16273
20131126 2.14834
20131127 2.13335
20131128 2.11782
20131129 2.10178
20131130 2.08528
20131201 2.06839
20131202 2.05113
20131203 2.03357
20131204 2.01574
20131205 1.99770
20131206 1.97949
20131207 1.96116
20131208 1.94276
20131209 1.92432
20131210 1.90589
20131211 1.88752
20131212 1.86925
20131213 1.85111
20131214 1.83316
20131215 1.81544
20131216 1.79799
20131217 1.78087
20131218 1.76411
20131219 1.74778
20131220 1.73194
20131221 1.71669
20131222 1.70221
20131223 1.68848
20131224 1.67544
20131225 1.66314
20131226 1.65164
20131227 1.64116
20131228 1.63212
20131229 1.62408
20131230 1.61672
20131231 1.60985
20140101 1.60335
20140102 1.59713
20140103 1.59111
20140104 1.58521
20140105 1.57938
20140106 1.57358
20140107 1.56775
20140108 1.56185
20140109 1.55584
20140110 1.54968
20140111 1.54335
20140112 1.53682
20140113 1.53005
20140114 1.52301
20140115 1.51569
20140116 1.50806
20140117 1.50010
20140118 1.49179
20140119 1.48311
20140120 1.47406
20140121 1.46461
20140122 1.45476
20140123 1.44450
20140124 1.43382
20140125 1.42271
20140126 1.41119
20140127 1.39924
20140128 1.38686
20140129 1.37407
20140130 1.36087
20140131 1.34725
20140201 1.33325
20140202 1.31886
20140203 1.30409
20140204 1.28897
20140205 1.27351
20140206 1.25772
20140207 1.24163
20140208 1.22525
20140209 1.20860
20140210 1.19171
20140211 1.17460
20140212 1.15728
20140213 1.13978
20140214 1.12212
20140215 1.10433
20140216 1.08642
20140217 1.06842
20140218 1.05034
20140219 1.03220
20140220 1.01403
20140221 0.99583
20140222 0.97763
20140223 0.95945
20140224 0.94128
20140225 0.92316
20140226 0.90509
20140227 0.88708
20140228 0.86915
20140301 0.85130
20140302 0.83355
20140303 0.81591
20140304 0.79840
20140305 0.78100
20140306 0.76375
20140307 0.74665
20140308 0.72970
20140309 0.71292
20140310 0.69632
20140311 0.67990
20140312 0.66367
20140313 0.64764
20140314 0.63182
20140315 0.61622
20140316 0.60084
20140317 0.58569
20140318 0.57078
20140319 0.55611
20140320 0.54170
20140321 0.52755
20140322 0.51368
20140323 0.50008
20140324 0.48678
20140325 0.47377
20140326 0.46109
20140327 0.44876
20140328 0.43681
20140329 0.42530
20140330 0.41417
20140331 0.40339
20140401 0.39295
20140402 0.38287
20140403 0.37321
20140404 0.36393
20140405 0.35511
20140406 0.34669
20140407 0.33864
20140408 0.33095
20140409 0.32356
20140410 0.31643
20140411 0.30953
20140412 0.30285
20140413 0.29636
20140414 0.29005
20140415 0.28390
20140416 0.27791
20140417 0.27207
20140418 0.26637
20140419 0.26081
20140420 0.25542
20140421 0.25019
20140422 0.24509
20140423 0.24008
20140424 0.23514
20140425 0.23025
20140426 0.22539
20140427 0.22055
20140428 0.21570
20140429 0.21085
20140430 0.20598
20140501 0.20108
20140502 0.19614
20140503 0.19115
20140504 0.18611
20140505 0.18102
20140506 0.17586
20140507 0.17064
20140508 0.16536
20140509 0.16000
20140510 0.15457
20140511 0.14907
20140512 0.14350
20140513 0.13787
20140514 0.13216
20140515 0.12640
20140516 0.12058
20140517 0.11470
20140518 0.10878
20140519 0.10282
20140520 0.09683
20140521 0.09082
20140522 0.08480
20140523 0.07878
20140524 0.07277
20140525 0.06679
20140526 0.06085
20140527 0.05497
20140528 0.04917
20140529 0.04346
20140530 0.03789
20140531 0.03246
20140601 0.02723
20140602 0.02223
20140603 0.01752
20140604 0.01328
20140605 0.00950
20140606 0.00606
20140607 0.00290
20140608 -0.00003
20140609 -0.00274
20140610 -0.00523
20140611 -0.00752
20140612 -0.00965
20140613 -0.01160
20140614 -0.01341
20140615 -0.01508
20140616 -0.01664
20140617 -0.01809
20140618 -0.01945
20140619 -0.02072
20140620 -0.02191
20140621 -0.02302
20140622 -0.02405
20140623 -0.02500
20140624 -0.02587
20140625 -0.02665
20140626 -0.02732
20140627 -0.02785
20140628 -0.02825
20140629 -0.02856
20140630 -0.02879
20140701 -0.02897
20140702 -0.02909
20140703 -0.02917
20140704 -0.02920
20140705 -0.02917
20140706 -0.02909
20140707 -0.02899
20140708 -0.02888
20140709 -0.02878
20140710 -0.02869
20140711 -0.02863
20140712 -0.02860
20140713 -0.02861
20140714 -0.02866
20140715 -0.02877
20140716 -0.02894
20140717 -0.02918
20140718 -0.02949
20140719 -0.02987
20140720 -0.03034
20140721 -0.03089
20140722 -0.03153
20140723 -0.03227
20140724 -0.03310
20140725 -0.03403
20140726 -0.03507
20140727 -0.03620
20140728 -0.03744
20140729 -0.03878
20140730 -0.04021
20140731 -0.04174
20140801 -0.04336
20140802 -0.04506
20140803 -0.04684
20140804 -0.04871
20140805 -0.05066
20140806 -0.05270
20140807 -0.05483
20140808 -0.05705
20140809 -0.05935
20140810 -0.06174
20140811 -0.06419
20140812 -0.06672
20140813 -0.06930
20140814 -0.07194
20140815 -0.07463
20140816 -0.07737
20140817 -0.08013
20140818 -0.08292
20140819 -0.08573
20140820 -0.08855
20140821 -0.09136
20140822 -0.09416
20140823 -0.09694
20140824 -0.09969
20140825 -0.10239
20140826 -0.10504
20140827 -0.10761
20140828 -0.11011
20140829 -0.11252
20140830 -0.11481
20140831 -0.11698
20140901 -0.11901
20140902 -0.12089
20140903 -0.12259
20140904 -0.12408
20140905 -0.12535
20140906 -0.12636
20140907 -0.12703
20140908 -0.12722
20140909 -0.12703
20140910 -0.12655
20140911 -0.12585
20140912 -0.12495
20140913 -0.12388
20140914 -0.12267
20140915 -0.12133
20140916 -0.11989
20140917 -0.11834
20140918 -0.11672
20140919 -0.11503
20140920 -0.11327
20140921 -0.11147
20140922 -0.10962
20140923 -0.10773
20140924 -0.10580
20140925 -0.10383
20140926 -0.10183
20140927 -0.09979
20140928 -0.09774
20140929 -0.09568
20140930 -0.09362
20141001 -0.09158
20141002 -0.08955
20141003 -0.08754
20141004 -0.08557
20141005 -0.08362
20141006 -0.08171
20141007 -0.07983
20141008 -0.07799
20141009 -0.07619
20141010 -0.07442
20141011 -0.07269
20141012 -0.07099
20141013 -0.06931
20141014 -0.06766
20141015 -0.06603
20141016 -0.06440
20141017 -0.06277
20141018 -0.06112
20141019 -0.05944
20141020 -0.05772
20141021 -0.05591
20141022 -0.05400
20141023 -0.05191
20141024 -0.04956
20141025 -0.04696
20141026 -0.04419
20141027 -0.04129
20141028 -0.03825
20141029 -0.03510
20141030 -0.03184
20141031 -0.02847
20141101 -0.02500
20141102 -0.02143
20141103 -0.01776
20141104 -0.01397
20141105 -0.01007
20141106 -0.00605
20141107 -0.00190
20141108 0.00239
20141109 0.00685
20141110 0.01147
20141111 0.01630
20141112 0.02136
20141113 0.02669
20141114 0.03233
20141115 0.03836
20141116 0.04499
20141117 0.05223
20141118 0.05990
20141119 0.06791
20141120 0.07621
20141121 0.08475
20141122 0.09350
20141123 0.10241
20141124 0.11146
20141125 0.12061
20141126 0.12984
20141127 0.13910
20141128 0.14838
20141129 0.15764
20141130 0.16686
20141201 0.17600
20141202 0.18503
20141203 0.19394
20141204 0.20269
20141205 0.21125
20141206 0.21959
20141207 0.22770
20141208 0.23555
20141209 0.24311
20141210 0.25035
20141211 0.25726
20141212 0.26381
20141213 0.26998
20141214 0.27575
20141215 0.28111
20141216 0.28604
20141217 0.29051
20141218 0.29453
20141219 0.29806
20141220 0.30112
20141221 0.30367
20141222 0.30573
20141223 0.30727
20141224 999999.00000
20141225 0.30883
20141226 0.30883
20141227 0.30833
20141228 0.30732
20141229 0.30580
20141230 0.30379
20141231 0.30129
20150101 0.29831
20150102 0.29487
20150103 0.29099
20150104 0.28666
20150105 0.28192
20150106 0.27678
20150107 0.27126
20150108 0.26539
20150109 0.25917
20150110 0.25264
20150111 0.24582
20150112 0.23872
20150113 0.23139
20150114 0.22384
20150115 0.21609
20150116 0.20818
20150117 0.20013
20150118 0.19196
20150119 0.18370
20150120 0.17539
20150121 0.16704
20150122 0.15868
20150123 0.15036
20150124 0.14209
20150125 0.13392
20150126 0.12591
20150127 0.11817
20150128 0.11075
20150129 0.10348
20150130 0.09631
20150131 0.08918
20150201 0.08207
20150202 0.07497
20150203 0.06784
20150204 0.06067
20150205 0.05346
20150206 0.04619
20150207 0.03886
20150208 0.03146
20150209 0.02398
20150210 0.01642
20150211 0.00878
20150212 0.00106
20150213 -0.00674
20150214 -0.01461
20150215 -0.02257
20150216 -0.03059
20150217 -0.03869
20150218 -0.04684
20150219 -0.05506
20150220 -0.06332
20150221 -0.07163
20150222 -0.07997
20150223 -0.08834
20150224 -0.09673
20150225 -0.10512
20150226 -0.11350
20150227 -0.12187
20150228 -0.13021
20150301 -0.13849
20150302 -0.14671
20150303 -0.15482
20150304 -0.16277
20150305 -0.17058
20150306 -0.17829
20150307 -0.18593
20150308 -0.19350
20150309 -0.20101
20150310 -0.20844
20150311 -0.21580
20150312 -0.22310
20150313 -0.23031
20150314 -0.23744
20150315 -0.24448
20150316 -0.25142
20150317 -0.25825
20150318 -0.26496
20150319 -0.27153
20150320 -0.27796
20150321 -0.28423
20150322 -0.29032
20150323 -0.29621
20150324 -0.30189
20150325 -0.30733
20150326 -0.31251
20150327 -0.31738
20150328 -0.32189
20150329 -0.32597
20150330 -0.32962
20150331 -0.33284
20150401 -0.33562
20150402 -0.33783
20150403 -0.33940
20150404 -0.34054
20150405 -0.34134
20150406 -0.34185
20150407 -0.34214
20150408 -0.34223
20150409 -0.34214
20150410 -0.34190
20150411 -0.34150
20150412 -0.34099
20150413 -0.34038
20150414 -0.33969
20150415 -0.33894
20150416 -0.33815
20150417 -0.33731
20150418 -0.33643
20150419 -0.33552
20150420 -0.33457
20150421 -0.33358
20150422 -0.33255
20150423 -0.33147
20150424 -0.33033
20150425 -0.32913
20150426 -0.32786
20150427 -0.32654
20150428 -0.32517
20150429 -0.32375
20150430 -0.32229
20150501 -0.32079
20150502 -0.31927
20150503 -0.31772
20150504 -0.31617
20150505 -0.31460
20150506 -0.31304
20150507 -0.31147
20150508 -0.30991
20150509 -0.30834
20150510 -0.30679
20150511 -0.30523
20150512 -0.30363
20150513 -0.30204
20150514 -0.30044
20150515 -0.29884
20150516 -0.29723
20150517 -0.29561
20150518 -0.29396
20150519 -0.29228
20150520 -0.29054
20150521 -0.28874
20150522 -0.28683
20150523 -0.28477
20150524 -0.28244
20150525 -0.27991
20150526 -0.27725
20150527 -0.27451
20150528 -0.27173
20150529 -0.26892
20150530 -0.26611
20150531 -0.26332
20150601 -0.26055
20150602 -0.25783
20150603 -0.25517
20150604 -0.25259
20150605 -0.25009
20150606 -0.24768
20150607 -0.24539
20150608 -0.24321
20150609 -0.24117
20150610 -0.23926
20150611 -0.23749
20150612 -0.23588
20150613 -0.23442
20150614 -0.23313
20150615 -0.23200
20150616 -0.23105
20150617 -0.23028
20150618 -0.22969
20150619 -0.22928
20150620 -0.22905
20150621 -0.22900
20150622 -0.22914
20150623 -0.22946
20150624 -0.22996
20150625 -0.23064
20150626 -0.23150
20150627 -0.23252
20150628 -0.23371
20150629 -0.23506
20150630 -0.23657
20150701 -0.23822
20150702 -0.24000
20150703 -0.24191
20150704 -0.24394
20150705 -0.24608
20150706 -0.24830
20150707 -0.25060
20150708 -0.25295
20150709 -0.25535
20150710 -0.25776
20150711 -0.26018
20150712 -0.26256
20150713 -0.26489
20150714 -0.26713
20150715 -0.26923
20150716 -0.27115
20150717 -0.27282
20150718 -0.27408
20150719 -0.27479
20150720 -0.27518
20150721 -0.27531
20150722 -0.27525
20150723 -0.27503
20150724 -0.27467
20150725 -0.27422
20150726 -0.27368
20150727 -0.27308
20150728 -0.27244
20150729 -0.27177
20150730 -0.27110
20150731 -0.27042
20150801 -0.26977
20150802 -0.26914
20150803 -0.26856
20150804 -0.26802
20150805 -0.26755
20150806 -0.26714
20150807 -0.26681
20150808 -0.26657
20150809 -0.26641
20150810 -0.26635
20150811 -0.26639
20150812 -0.26652
20150813 -0.26676
20150814 -0.26709
20150815 -0.26753
20150816 -0.26806
20150817 -0.26868
20150818 -0.26939
20150819 -0.27019
20150820 -0.27104
20150821 -0.27195
20150822 -0.27285
20150823 -0.27377
20150824 -0.27470
20150825 -0.27569
20150826 -0.27674
20150827 -0.27784
20150828 -0.27900
20150829 -0.28019
20150830 -0.28139
20150831 -0.28260
20150901 -0.28384
20150902 -0.28513
20150903 -0.28645
20150904 -0.28781
20150905 -0.28921
20150906 -0.29064
20150907 -0.29206
20150908 -0.29348
20150909 -0.29491
20150910 -0.29634
20150911 -0.29776
20150912 -0.29915
20150913 -0.30052
20150914 -0.30185
20150915 -0.30314
20150916 -0.30436
20150917 -0.30552
20150918 -0.30659
20150919 -0.30757
20150920 -0.30844
20150921 -0.30918
20150922 -0.30980
20150923 -0.31027
20150924 -0.31059
20150925 -0.31074
20150926 -0.31073
20150927 -0.31054
20150928 -0.31016
20150929 -0.30960
20150930 -0.30882
20151001 -0.30781
20151002 -0.30646
20151003 -0.30487
20151004 -0.30312
20151005 -0.30127
20151006 -0.29935
20151007 -0.29741
20151008 -0.29545
20151009 -0.29351
20151010 -0.29161
20151011 -0.28977
20151012 -0.28801
20151013 -0.28634
20151014 -0.28478
20151015 -0.28334
20151016 -0.28203
20151017 -0.28087
20151018 -0.27986
20151019 -0.27901
20151020 -0.27833
20151021 -0.27782
20151022 -0.27750
20151023 -0.27735
20151024 -0.27739
20151025 -0.27761
20151026 -0.27802
20151027 -0.27862
20151028 -0.27940
20151029 -0.28036
20151030 -0.28150
20151031 -0.28281
20151101 -0.28429
20151102 -0.28593
20151103 -0.28772
20151104 -0.28966
20151105 -0.29174
20151106 -0.29394
20151107 -0.29627
20151108 -0.29870
20151109 -0.30122
20151110 -0.30382
20151111 -0.30650
20151112 -0.30922
20151113 -0.31199
20151114 -0.31478
20151115 -0.31757
20151116 -0.32035
20151117 -0.32309
20151118 -0.32578
20151119 -0.32838
20151120 -0.33088
20151121 -0.33324
20151122 -0.33542
20151123 -0.33737
20151124 -0.33904
20151125 -0.34027
20151126 -0.34097
20151127 -0.34130
20151128 -0.34130
20151129 -0.34098
20151130 -0.34038
20151201 -0.33958
20151202 -0.33860
20151203 -0.33748
20151204 -0.33624
20151205 -0.33489
20151206 -0.33345
20151207 -0.33194
20151208 -0.33038
20151209 -0.32876
20151210 -0.32712
20151211 -0.32544
20151212 -0.32375
20151213 -0.32206
20151214 -0.32036
20151215 -0.31868
20151216 -0.31700
20151217 -0.31535
20151218 -0.31373
20151219 -0.31213
20151220 -0.31057
20151221 -0.30905
20151222 -0.30757
20151223 -0.30612
20151224 -0.30472
20151225 -0.30334
20151226 -0.30198
20151227 -0.30063
20151228 -0.29932
20151229 -0.29806
20151230 -0.29684
20151231 -0.29568
20160101 -0.29456
20160102 -0.29348
20160103 -0.29242
20160104 -0.29138
20160105 -0.29037
20160106 -0.28942
20160107 -0.28852
20160108 -0.28767
20160109 -0.28688
20160110 -0.28614
20160111 -0.28545
20160112 -0.28480
20160113 -0.28419
20160114 -0.28361
20160115 -0.28304
20160116 -0.28249
20160117 -0.28194
20160118 -0.28136
20160119 -0.28074
20160120 -0.28007
20160121 -0.27929
20160122 -0.27837
20160123 -0.27718
20160124 -0.27580
20160125 -0.27429
20160126 -0.27268
20160127 -0.27100
20160128 -0.26927
20160129 -0.26749
20160130 -0.26568
20160131 -0.26385
20160201 -0.26202
20160202 -0.26018
20160203 -0.25834
20160204 -0.25652
20160205 -0.25472
20160206 -0.25295
20160207 -0.25120
20160208 -0.24950
20160209 -0.24783
20160210 -0.24621
20160211 -0.24463
20160212 -0.24311
20160213 -0.24164
20160214 -0.24022
20160215 -0.23885
20160216 -0.23753
20160217 -0.23626
20160218 -0.23503
20160219 -0.23383
20160220 -0.23264
20160221 -0.23146
20160222 -0.23027
20160223 -0.22910
20160224 -0.22797
20160225 -0.22689
20160226 -0.22588
20160227 -0.22493
20160228 -0.22405
20160229 -0.22325
20160301 -0.22254
20160302 -0.22191
20160303 -0.22136
20160304 -0.22092
20160305 -0.22056
20160306 -0.22031
20160307 -0.22015
20160308 -0.22010
20160309 -0.22015
20160310 -0.22031
20160311 -0.22058
20160312 -0.22095
20160313 -0.22144
20160314 -0.22204
20160315 -0.22275
20160316 -0.22357
20160317 -0.22450
20160318 -0.22554
20160319 -0.22669
20160320 -0.22794
20160321 -0.22929
20160322 -0.23073
20160323 -0.23226
20160324 -0.23388
20160325 -0.23557
20160326 -0.23733
20160327 -0.23914
20160328 -0.24103
20160329 -0.24298
20160330 -0.24499
20160331 -0.24705
20160401 -0.24916
20160402 -0.25130
20160403 -0.25347
20160404 -0.25566
20160405 -0.25785
20160406 -0.26003
20160407 -0.26219
20160408 -0.26430
20160409 -0.26635
20160410 -0.26832
20160411 -0.27019
20160412 -0.27194
20160413 -0.27353
20160414 -0.27493
20160415 -0.27609
20160416 -0.27697
20160417 -0.27749
20160418 -0.27750
20160419 -0.27674
20160420 -0.27540
20160421 -0.27363
20160422 -0.27154
20160423 -0.26920
20160424 -0.26668
20160425 -0.26400
20160426 -0.26120
20160427 -0.25831
20160428 -0.25535
20160429 -0.25236
20160430 -0.24933
20160501 -0.24630
20160502 -0.24327
20160503 -0.24026
20160504 -0.23728
20160505 -0.23433
20160506 -0.23144
20160507 -0.22859
20160508 -0.22581
20160509 -0.22309
20160510 -0.22044
20160511 -0.21786
20160512 -0.21536
20160513 -0.21293
20160514 -0.21058
20160515 -0.20831
20160516 -0.20612
20160517 -0.20400
20160518 -0.20195
20160519 -0.19997
20160520 -0.19806
20160521 -0.19621
20160522 -0.19441
20160523 -0.19267
20160524 -0.19096
20160525 -0.18928
20160526 -0.18761
20160527 -0.18593
20160528 -0.18420
20160529 -0.18235
20160530 -0.18047
20160531 -0.17860
20160601 -0.17676
20160602 -0.17499
20160603 -0.17329
20160604 -0.17168
20160605 -0.17017
20160606 -0.16876
20160607 -0.16747
20160608 -0.16629
20160609 -0.16524
20160610 -0.16432
20160611 -0.16353
20160612 -0.16288
20160613 -0.16236
20160614 -0.16198
20160615 -0.16174
20160616 -0.16164
20160617 -0.16168
20160618 -0.16185
20160619 -0.16215
20160620 -0.16259
20160621 -0.16315
20160622 -0.16384
20160623 -0.16465
20160624 -0.16558
20160625 -0.16663
20160626 -0.16778
20160627 -0.16905
20160628 -0.17042
20160629 -0.17188
20160630 -0.17344
20160701 -0.17509
20160702 -0.17683
20160703 -0.17864
20160704 -0.18053
20160705 -0.18248
20160706 -0.18449
20160707 -0.18656
20160708 -0.18867
20160709 -0.19082
20160710 -0.19298
20160711 -0.19516
20160712 -0.19733
20160713 -0.19947
20160714 -0.20156
20160715 -0.20357
20160716 -0.20542
20160717 -0.20703
20160718 -0.20848
20160719 -0.20981
20160720 -0.21104
20160721 -0.21218
20160722 -0.21324
20160723 -0.21424
20160724 -0.21519
20160725 -0.21609
20160726 -0.21694
20160727 -0.21775
20160728 -0.21850
20160729 -0.21920
20160730 -0.21982
20160731 -0.22036
20160801 -0.22076
20160802 -0.22105
20160803 -0.22122
20160804 -0.22123
20160805 -0.22105
20160806 -0.22066
20160807 -0.22001
20160808 -0.21901
20160809 -0.21757
20160810 -0.21542
20160811 -0.21260
20160812 -0.20927
20160813 -0.20559
20160814 -0.20164
20160815 -0.19747
20160816 -0.19313
20160817 -0.18867
20160818 -0.18411
20160819 -0.17949
20160820 -0.17483
20160821 -0.17017
20160822 -0.16551
20160823 -0.16089
20160824 -0.15633
20160825 -0.15184
20160826 -0.14744
20160827 -0.14314
20160828 -0.13897
20160829 -0.13493
20160830 -0.13104
20160831 -0.12731
20160901 -0.12375
20160902 -0.12039
20160903 -0.11723
20160904 -0.11428
20160905 -0.11156
20160906 -0.10906
20160907 -0.10681
20160908 -0.10480
20160909 -0.10304
20160910 -0.10153
20160911 -0.10027
20160912 -0.09926
20160913 -0.09851
20160914 -0.09800
20160915 -0.09774
20160916 -0.09772
20160917 -0.09793
20160918 -0.09837
20160919 -0.09901
20160920 -0.09987
20160921 -0.10090
20160922 -0.10212
20160923 -0.10348
20160924 -0.10498
20160925 -0.10658
20160926 -0.10827
20160927 -0.10999
20160928 -0.11171
20160929 -0.11336
20160930 -0.11484
20161001 -0.11591
20161002 -0.11663
20161003 -0.11721
20161004 -0.11771
20161005 -0.11818
20161006 -0.11867
20161007 -0.11920
20161008 -0.11978
20161009 -0.12044
20161010 -0.12118
20161011 -0.12202
20161012 -0.12296
20161013 -0.12400
20161014 -0.12515
20161015 -0.12641
20161016 -0.12778
20161017 -0.12925
20161018 -0.13083
20161019 -0.13249
20161020 -0.13423
20161021 -0.13602
20161022 -0.13782
20161023 -0.13968
20161024 -0.14161
20161025 -0.14360
20161026 -0.14566
20161027 -0.14778
20161028 -0.14995
20161029 -0.15218
20161030 -0.15445
20161031 -0.15675
20161101 -0.15907
20161102 -0.16140
20161103 -0.16373
20161104 -0.16603
20161105 -0.16830
20161106 -0.17049
20161107 -0.17256
20161108 -0.17449
20161109 -0.17634
20161110 -0.17811
20161111 -0.17980
20161112 -0.18143
20161113 -0.18297
20161114 -0.18443
20161115 -0.18578
20161116 -0.18704
20161117 -0.18816
20161118 -0.18914
20161119 -0.18995
20161120 -0.19054
20161121 -0.19080
20161122 -0.19075
20161123 -0.19051
20161124 -0.19014
20161125 -0.18969
20161126 -0.18917
20161127 -0.18863
20161128 -0.18807
20161129 -0.18752
20161130 -0.18700
20161201 -0.18651
20161202 -0.18607
20161203 -0.18569
20161204 -0.18539
20161205 -0.18518
20161206 -0.18505
20161207 -0.18503
20161208 -0.18512
20161209 -0.18533
20161210 -0.18566
20161211 -0.18611
20161212 -0.18670
20161213 -0.18742
20161214 -0.18827
20161215 -0.18927
20161216 -0.19040
20161217 -0.19167
20161218 -0.19308
20161219 -0.19463
20161220 -0.19631
20161221 -0.19812
20161222 -0.20006
20161223 -0.20211
20161224 -0.20429
20161225 -0.20657
20161226 -0.20895
20161227 -0.21143
20161228 -0.21398
20161229 -0.21662
20161230 -0.21931
20161231 -0.22206
20170101 -0.22485
20170102 -0.22766
20170103 -0.23048
20170104 -0.23330
20170105 -0.23611
20170106 -0.23887
20170107 -0.24158
20170108 -0.24421
20170109 -0.24674
20170110 -0.24914
20170111 -0.25137
20170112 -0.25337
20170113 -0.25499
20170114 -0.25632
20170115 -0.25744
20170116 -0.25840
20170117 -0.25924
20170118 -0.25997
20170119 -0.26062
20170120 -0.26120
20170121 -0.26173
20170122 -0.26222
20170123 -0.26269
20170124 -0.26314
20170125 -0.26358
20170126 -0.26402
20170127 -0.26448
20170128 -0.26495
20170129 -0.26544
20170130 -0.26597
20170131 -0.26653
20170201 -0.26712
20170202 -0.26776
20170203 -0.26843
20170204 -0.26915
20170205 -0.26991
20170206 -0.27071
20170207 -0.27154
20170208 -0.27240
20170209 -0.27329
20170210 -0.27416
20170211 -0.27503
20170212 -0.27592
20170213 -0.27684
20170214 -0.27778
20170215 -0.27873
20170216 -0.27971
20170217 -0.28068
20170218 -0.28166
20170219 -0.28264
20170220 -0.28359
20170221 -0.28450
20170222 -0.28536
20170223 -0.28611
20170224 -0.28672
20170225 -0.28722
20170226 -0.28763
20170227 -0.28792
20170228 -0.28810
20170301 -0.28819
20170302 -0.28821
20170303 -0.28818
20170304 -0.28810
20170305 -0.28797
20170306 -0.28781
20170307 -0.28762
20170308 -0.28740
20170309 -0.28716
20170310 -0.28691
20170311 -0.28664
20170312 -0.28636
20170313 -0.28608
20170314 -0.28579
20170315 -0.28550
20170316 -0.28522
20170317 -0.28494
20170318 -0.28464
20170319 -0.28434
20170320 -0.28406
20170321 -0.28380
20170322 -0.28356
20170323 -0.28333
20170324 -0.28311
20170325 -0.28290
20170326 -0.28272
20170327 -0.28258
20170328 -0.28250
20170329 -0.28248
20170330 -0.28253
20170331 -0.28266
20170401 -0.28286
20170402 -0.28314
20170403 -0.28351
20170404 -0.28396
20170405 -0.28450
20170406 -0.28513
20170407 -0.28585
20170408 -0.28666
20170409 -0.28755
20170410 -0.28853
20170411 -0.28959
20170412 -0.29072
20170413 -0.29192
20170414 -0.29317
20170415 -0.29448
20170416 -0.29586
20170417 -0.29730
20170418 -0.29881
20170419 -0.30039
20170420 -0.30203
20170421 -0.30374
20170422 -0.30551
20170423 -0.30734
20170424 -0.30922
20170425 -0.31116
20170426 -0.31314
20170427 -0.31517
20170428 -0.31723
20170429 -0.31932
20170430 -0.32144
20170501 -0.32357
20170502 -0.32570
20170503 -0.32783
20170504 -0.32994
20170505 -0.33203
20170506 -0.33407
20170507 -0.33605
20170508 -0.33795
20170509 -0.33975
20170510 -0.34141
20170511 -0.34290
20170512 -0.34416
20170513 -0.34501
20170514 -0.34552
20170515 -0.34583
20170516 -0.34601
20170517 -0.34609
20170518 -0.34612
20170519 -0.34611
20170520 -0.34608
20170521 -0.34605
20170522 -0.34604
20170523 -0.34605
20170524 -0.34609
20170525 -0.34617
20170526 -0.34630
20170527 -0.34648
20170528 -0.34672
20170529 -0.34702
20170530 -0.34738
20170531 -0.34780
20170601 -0.34828
20170602 -0.34882
20170603 -0.34942
20170604 -0.35007
20170605 -0.35077
20170606 -0.35151
20170607 -0.35228
20170608 -0.35306
20170609 -0.35385
20170610 -0.35465
20170611 -0.35547
20170612 -0.35630
20170613 -0.35715
20170614 -0.35802
20170615 -0.35889
20170616 -0.35977
20170617 -0.36065
20170618 -0.36152
20170619 -0.36239
20170620 -0.36324
20170621 -0.36407
20170622 -0.36488
20170623 -0.36564
20170624 -0.36637
20170625 -0.36704
20170626 -0.36766
20170627 -0.36821
20170628 -0.36868
20170629 -0.36908
20170630 -0.36938
20170701 -0.36957
20170702 -0.36961
20170703 -0.36950
20170704 -0.36927
20170705 -0.36891
20170706 -0.36843
20170707 -0.36787
20170708 -0.36726
20170709 -0.36661
20170710 -0.36594
20170711 -0.36526
20170712 -0.36457
20170713 -0.36389
20170714 -0.36322
20170715 -0.36256
20170716 -0.36193
20170717 -0.36132
20170718 -0.36074
20170719 -0.36019
20170720 -0.35967
20170721 -0.35919
20170722 -0.35875
20170723 -0.35834
20170724 -0.35797
20170725 -0.35763
20170726 -0.35732
20170727 -0.35705
20170728 -0.35681
20170729 -0.35660
20170730 -0.35641
20170731 -0.35624
20170801 -0.35608
20170802 -0.35594
20170803 -0.35580
20170804 -0.35566
20170805 -0.35551
20170806 -0.35535
20170807 -0.35517
20170808 -0.35495
20170809 -0.35470
20170810 -0.35439
20170811 -0.35402
20170812 -0.35356
20170813 -0.35301
20170814 -0.35232
20170815 -0.35143
20170816 -0.35040
20170817 -0.34924
20170818 -0.34797
20170819 -0.34658
20170820 -0.34507
20170821 -0.34346
20170822 -0.34176
20170823 -0.33999
20170824 -0.33816
20170825 -0.33627
20170826 -0.33433
20170827 -0.33235
20170828 -0.33033
20170829 -0.32828
20170830 -0.32620
20170831 -0.32411
20170901 -0.32199
20170902 -0.31986
20170903 -0.31772
20170904 -0.31557
20170905 -0.31341
20170906 -0.31124
20170907 -0.30907
20170908 -0.30688
20170909 -0.30468
20170910 -0.30243
20170911 -0.30019
20170912 -0.29796
20170913 -0.29576
20170914 -0.29359
20170915 -0.29147
20170916 -0.28939
20170917 -0.28738
20170918 -0.28544
20170919 -0.28357
20170920 -0.28177
20170921 -0.28006
20170922 -0.27844
20170923 -0.27691
20170924 -0.27548
20170925 -0.27415
20170926 -0.27292
20170927 -0.27179
20170928 -0.27078
20170929 -0.26987
20170930 -0.26907
20171001 -0.26838
20171002 -0.26780
20171003 -0.26732
20171004 -0.26695
20171005 -0.26667
20171006 -0.26649
20171007 -0.26640
20171008 -0.26639
20171009 -0.26645
20171010 -0.26658
20171011 -0.26676
20171012 -0.26696
20171013 -0.26718
20171014 -0.26737
20171015 -0.26752
20171016 -0.26765
20171017 -0.26777
20171018 -0.26787
20171019 -0.26794
20171020 -0.26799
20171021 -0.26801
20171022 -0.26799
20171023 -0.26792
20171024 -0.26779
20171025 -0.26760
20171026 -0.26733
20171027 -0.26698
20171028 -0.26654
20171029 -0.26596
20171030 -0.26527
20171031 -0.26447
20171101 -0.26358
20171102 -0.26259
20171103 -0.26152
20171104 -0.26037
20171105 -0.25914
20171106 -0.25784
20171107 -0.25648
20171108 -0.25505
20171109 -0.25356
20171110 -0.25201
20171111 -0.25040
20171112 -0.24873
20171113 -0.24699
20171114 -0.24517
20171115 -0.24328
20171116 -0.24129
20171117 -0.23917
20171118 -0.23690
20171119 -0.23449
20171120 -0.23194
20171121 -0.22925
20171122 -0.22639
20171123 -0.22334
20171124 -0.22001
20171125 -0.21632
20171126 -0.21241
20171127 -0.20834
20171128 -0.20418
20171129 -0.19994
20171130 -0.19567
20171201 -0.19138
20171202 -0.18711
20171203 -0.18286
20171204 -0.17867
20171205 -0.17455
20171206 -0.17053
20171207 -0.16661
20171208 -0.16281
20171209 -0.15916
20171210 -0.15566
20171211 -0.15232
20171212 -0.14917
20171213 -0.14621
20171214 -0.14345
20171215 -0.14090
20171216 -0.13858
20171217 -0.13648
20171218 -0.13463
20171219 -0.13301
20171220 -0.13164
20171221 -0.13052
20171222 -0.12965
20171223 -0.12904
20171224 -0.12868
20171225 -0.12857
20171226 -0.12871
20171227 -0.12911
20171228 -0.12975
20171229 -0.13063
20171230 -0.13174
20171231 -0.13308
20180101 -0.13464
20180102 -0.13641
20180103 -0.13838
20180104 -0.14054
20180105 -0.14289
20180106 -0.14540
20180107 -0.14808
20180108 -0.15089
20180109 -0.15384
20180110 -0.15691
20180111 -0.16008
20180112 -0.16334
20180113 -0.16668
20180114 -0.17007
20180115 -0.17351
20180116 -0.17698
20180117 -0.18045
20180118 -0.18392
20180119 -0.18737
20180120 -0.19077
20180121 -0.19411
20180122 -0.19735
20180123 -0.20046
20180124 -0.20337
20180125 -0.20603
20180126 -0.20855
20180127 -0.21097
20180128 -0.21333
20180129 -0.21563
20180130 -0.21789
20180131 -0.22014
20180201 -0.22238
20180202 -0.22462
20180203 -0.22686
20180204 -0.22912
20180205 -0.23139
20180206 -0.23368
20180207 -0.23599
20180208 -0.23832
20180209 -0.24067
20180210 -0.24303
20180211 -0.24538
20180212 -0.24772
20180213 -0.25000
20180214 -0.25220
20180215 -0.25440
20180216 -0.25661
20180217 -0.25885
20180218 -0.26113
20180219 -0.26345
20180220 -0.26581
20180221 -0.26821
20180222 -0.27065
20180223 -0.27314
20180224 -0.27565
20180225 -0.27819
20180226 -0.28074
20180227 -0.28330
20180228 -0.28585
20180301 -0.28839
20180302 -0.29089
20180303 -0.29334
20180304 -0.29571
20180305 -0.29799
20180306 -0.30014
20180307 -0.30213
20180308 -0.30388
20180309 -0.30527
20180310 -0.30633
20180311 -0.30718
20180312 -0.30786
20180313 -0.30841
20180314 -0.30887
20180315 -0.30924
20180316 -0.30956
20180317 -0.30984
20180318 -0.31010
20180319 -0.31036
20180320 -0.31062
20180321 -0.31091
20180322 -0.31123
20180323 -0.31161
20180324 -0.31204
20180325 -0.31254
20180326 -0.31312
20180327 -0.31380
20180328 -0.31456
20180329 -0.31543
20180330 -0.31641
20180331 -0.31749
20180401 -0.31870
20180402 -0.32001
20180403 -0.32145
20180404 -0.32301
20180405 -0.32469
20180406 -0.32648
20180407 -0.32838
20180408 -0.33040
20180409 -0.33251
20180410 -0.33472
20180411 -0.33703
20180412 -0.33941
20180413 -0.34188
20180414 -0.34442
20180415 -0.34703
20180416 -0.34971
20180417 -0.35245
20180418 -0.35523
20180419 -0.35806
20180420 -0.36090
20180421 -0.36376
20180422 -0.36662
20180423 -0.36948
20180424 -0.37232
20180425 -0.37513
20180426 -0.37789
20180427 -0.38055
20180428 -0.38309
20180429 -0.38554
20180430 -0.38789
20180501 -0.39015
20180502 -0.39231
20180503 -0.39437
20180504 -0.39632
20180505 -0.39814
20180506 -0.39982
20180507 -0.40135
20180508 -0.40271
20180509 -0.40386
20180510 -0.40476
20180511 -0.40540
20180512 -0.40569
20180513 -0.40562
20180514 -0.40529
20180515 -0.40476
20180516 -0.40404
20180517 -0.40318
20180518 -0.40218
20180519 -0.40106
20180520 -0.39984
20180521 -0.39854
20180522 -0.39716
20180523 -0.39572
20180524 -0.39422
20180525 -0.39268
20180526 -0.39110
20180527 -0.38949
20180528 -0.38786
20180529 -0.38621
20180530 -0.38454
20180531 -0.38286
20180601 -0.38117
20180602 -0.37946
20180603 -0.37771
20180604 -0.37595
20180605 -0.37422
20180606 -0.37250
20180607 -0.37082
20180608 -0.36917
20180609 -0.36757
20180610 -0.36601
20180611 -0.36451
20180612 -0.36306
20180613 -0.36168
20180614 -0.36035
20180615 -0.35908
20180616 -0.35787
20180617 -0.35672
20180618 -0.35563
20180619 -0.35459
20180620 -0.35362
20180621 -0.35269
20180622 -0.35180
20180623 -0.35096
20180624 -0.35016
20180625 -0.34937
20180626 -0.34860
20180627 -0.34784
20180628 -0.34707
20180629 -0.34631
20180630 -0.34552
20180701 -0.34471
20180702 -0.34385
20180703 -0.34293
20180704 -0.34193
20180705 -0.34081
20180706 -0.33953
20180707 -0.33809
20180708 -0.33647
20180709 -0.33458
20180710 -0.33243
20180711 -0.33012
20180712 -0.32769
20180713 -0.32515
20180714 -0.32253
20180715 -0.31985
20180716 -0.31713
20180717 -0.31438
20180718 -0.31161
20180719 -0.30885
20180720 -0.30610
20180721 -0.30338
20180722 -0.30069
20180723 -0.29806
20180724 -0.29548
20180725 -0.29297
20180726 -0.29055
20180727 -0.28821
20180728 -0.28597
20180729 -0.28384
20180730 -0.28182
20180731 -0.27991
20180801 -0.27813
20180802 -0.27648
20180803 -0.27497
20180804 -0.27359
20180805 -0.27235
20180806 -0.27126
20180807 -0.27031
20180808 -0.26951
20180809 -0.26886
20180810 -0.26835
20180811 -0.26798
20180812 -0.26776
20180813 -0.26768
20180814 -0.26774
20180815 -0.26792
20180816 -0.26823
20180817 -0.26866
20180818 -0.26919
20180819 -0.26981
20180820 -0.27053
20180821 -0.27135
20180822 -0.27226
20180823 -0.27327
20180824 -0.27437
20180825 -0.27555
20180826 -0.27681
20180827 -0.27815
20180828 -0.27955
20180829 -0.28101
20180830 -0.28252
20180831 -0.28408
20180901 -0.28567
20180902 -0.28730
20180903 -0.28894
20180904 -0.29060
20180905 -0.29226
20180906 -0.29393
20180907 -0.29558
20180908 -0.29721
20180909 -0.29882
20180910 -0.30040
20180911 -0.30194
20180912 -0.30343
20180913 -0.30488
20180914 -0.30627
20180915 -0.30760
20180916 -0.30887
20180917 -0.31006
20180918 -0.31119
20180919 -0.31225
20180920 -0.31324
20180921 -0.31415
20180922 -0.31498
20180923 -0.31574
20180924 -0.31643
20180925 -0.31704
20180926 -0.31756
20180927 -0.31801
20180928 -0.31840
20180929 -0.31875
20180930 -0.31905
20181001 -0.31932
20181002 -0.31956
20181003 -0.31976
20181004 -0.31993
20181005 -0.32006
20181006 -0.32013
20181007 -0.32014
20181008 -0.32006
20181009 -0.31993
20181010 -0.31973
20181011 -0.31947
20181012 -0.31917
20181013 -0.31881
20181014 -0.31841
20181015 -0.31796
20181016 -0.31748
20181017 -0.31696
20181018 -0.31640
20181019 -0.31581
20181020 -0.31520
20181021 -0.31455
20181022 -0.31388
20181023 -0.31319
20181024 -0.31246
20181025 -0.31170
20181026 -0.31090
20181027 -0.31003
20181028 -0.30907
20181029 -0.30805
20181030 -0.30702
20181031 -0.30599
20181101 -0.30497
20181102 -0.30397
20181103 -0.30300
20181104 -0.30206
20181105 -0.30115
20181106 -0.30029
20181107 -0.29947
20181108 -0.29869
20181109 -0.29796
20181110 -0.29727
20181111 -0.29662
20181112 -0.29601
20181113 -0.29544
20181114 -0.29490
20181115 -0.29439
20181116 -0.29389
20181117 -0.29339
20181118 -0.29290
20181119 -0.29239
20181120 -0.29185
20181121 -0.29127
20181122 -0.29063
20181123 -0.28990
20181124 -0.28905
20181125 -0.28805
20181126 -0.28682
20181127 -0.28525
20181128 -0.28341
20181129 -0.28138
20181130 -0.27920
20181201 -0.27688
20181202 -0.27445
20181203 -0.27193
20181204 -0.26933
20181205 -0.26667
20181206 -0.26396
20181207 -0.26121
20181208 -0.25845
20181209 -0.25568
20181210 -0.25292
20181211 -0.25018
20181212 -0.24747
20181213 -0.24480
20181214 -0.24218
20181215 -0.23963
20181216 -0.23716
20181217 -0.23478
20181218 -0.23249
20181219 -0.23030
20181220 -0.22824
20181221 -0.22629
20181222 -0.22448
20181223 -0.22281
20181224 -0.22128
20181225 -0.21990
20181226 -0.21869
20181227 -0.21764
20181228 -0.21675
20181229 -0.21604
20181230 -0.21550
20181231 -0.21514
20190101 -0.21495
20190102 -0.21495
20190103 -0.21513
20190104 -0.21550
20190105 -0.21604
20190106 -0.21676
20190107 -0.21767
20190108 -0.21875
20190109 -0.22000
20190110 -0.22142
20190111 -0.22301
20190112 -0.22476
20190113 -0.22667
20190114 -0.22873
20190115 -0.23093
20190116 -0.23328
20190117 -0.23576
20190118 -0.23837
20190119 -0.24110
20190120 -0.24394
20190121 -0.24689
20190122 -0.24994
20190123 -0.25308
20190124 -0.25630
20190125 -0.25959
20190126 -0.26295
20190127 -0.26637
20190128 -0.26983
20190129 -0.27333
20190130 -0.27686
20190131 -0.28042
20190201 -0.28398
20190202 -0.28754
20190203 -0.29109
20190204 -0.29462
20190205 -0.29811
20190206 -0.30155
20190207 -0.30489
20190208 -0.30815
20190209 -0.31133
20190210 -0.31446
20190211 -0.31753
20190212 -0.32054
20190213 -0.32348
20190214 -0.32636
20190215 -0.32916
20190216 -0.33189
20190217 -0.33453
20190218 -0.33708
20190219 -0.33952
20190220 -0.34184
20190221 -0.34401
20190222 -0.34601
20190223 -0.34790
20190224 -0.34967
20190225 -0.35135
20190226 -0.35293
20190227 -0.35442
20190228 -0.35581
20190301 -0.35711
20190302 -0.35834
20190303 -0.35949
20190304 -0.36055
20190305 -0.36154
20190306 -0.36247
20190307 -0.36335
20190308 -0.36418
20190309 -0.36497
20190310 -0.36572
20190311 -0.36642
20190312 -0.36707
20190313 -0.36767
20190314 -0.36820
20190315 -0.36864
20190316 -0.36898
20190317 -0.36925
20190318 -0.36948
20190319 -0.36969
20190320 -0.36988
20190321 -0.37004
20190322 -0.37020
20190323 -0.37033
20190324 -0.37045
20190325 -0.37055
20190326 -0.37061
20190327 -0.37059
20190328 -0.37052
20190329 -0.37041
20190330 -0.37028
20190331 -0.37013
20190401 -0.36996
20190402 -0.36980
20190403 -0.36963
20190404 -0.36946
20190405 -0.36930
20190406 -0.36914
20190407 -0.36899
20190408 -0.36885
20190409 -0.36872
20190410 -0.36861
20190411 -0.36851
20190412 -0.36842
20190413 -0.36834
20190414 -0.36828
20190415 -0.36823
20190416 -0.36820
20190417 -0.36817
20190418 -0.36815
20190419 -0.36814
20190420 -0.36813
20190421 -0.36811
20190422 -0.36809
20190423 -0.36806
20190424 -0.36802
20190425 -0.36795
20190426 -0.36785
20190427 -0.36771
20190428 -0.36753
20190429 -0.36728
20190430 -0.36696
20190501 -0.36655
20190502 -0.36603
20190503 -0.36538
20190504 -0.36456
20190505 -0.36352
20190506 -0.36212
20190507 -0.36042
20190508 -0.35852
20190509 -0.35647
20190510 -0.35429
20190511 -0.35202
20190512 -0.34967
20190513 -0.34725
20190514 -0.34478
20190515 -0.34227
20190516 -0.33973
20190517 -0.33718
20190518 -0.33462
20190519 -0.33208
20190520 -0.32955
20190521 -0.32705
20190522 -0.32458
20190523 -0.32216
20190524 -0.31979
20190525 -0.31747
20190526 -0.31522
20190527 -0.31304
20190528 -0.31093
20190529 -0.30890
20190530 -0.30695
20190531 -0.30509
20190601 -0.30332
20190602 -0.30164
20190603 -0.30005
20190604 -0.29855
20190605 -0.29714
20190606 -0.29582
20190607 -0.29457
20190608 -0.29339
20190609 -0.29224
20190610 -0.29114
20190611 -0.29014
20190612 -0.28923
20190613 -0.28844
20190614 -0.28777
20190615 -0.28723
20190616 -0.28682
20190617 -0.28654
20190618 -0.28640
20190619 -0.28640
20190620 -0.28654
20190621 -0.28681
20190622 -0.28722
20190623 -0.28777
20190624 -0.28845
20190625 -0.28927
20190626 -0.29020
20190627 -0.29126
20190628 -0.29244
20190629 -0.29373
20190630 -0.29512
20190701 -0.29660
20190702 -0.29818
20190703 -0.29983
20190704 -0.30156
20190705 -0.30335
20190706 -0.30518
20190707 -0.30705
20190708 -0.30895
20190709 -0.31086
20190710 -0.31276
20190711 -0.31465
20190712 -0.31651
20190713 -0.31831
20190714 -0.32005
20190715 -0.32169
20190716 -0.32322
20190717 -0.32460
20190718 -0.32580
20190719 -0.32677
20190720 -0.32741
20190721 -0.32764
20190722 -0.32753
20190723 -0.32718
20190724 -0.32664
20190725 -0.32594
20190726 -0.32512
20190727 -0.32419
20190728 -0.32317
20190729 -0.32206
20190730 -0.32089
20190731 -0.31964
20190801 -0.31835
20190802 -0.31703
20190803 -0.31570
20190804 -0.31439
20190805 -0.31310
20190806 -0.31185
20190807 -0.31064
20190808 -0.30949
20190809 -0.30840
20190810 -0.30738
20190811 -0.30644
20190812 -0.30559
20190813 -0.30483
20190814 -0.30416
20190815 -0.30358
20190816 -0.30311
20190817 -0.30274
20190818 -0.30247
20190819 -0.30231
20190820 -0.30225
20190821 -0.30229
20190822 -0.30243
20190823 -0.30267
20190824 -0.30301
20190825 -0.30344
20190826 -0.30395
20190827 -0.30454
20190828 -0.30521
20190829 -0.30594
20190830 -0.30674
20190831 -0.30758
20190901 -0.30846
20190902 -0.30936
20190903 -0.31027
20190904 -0.31117
20190905 -0.31206
20190906 -0.31292
20190907 -0.31375
20190908 -0.31453
20190909 -0.31523
20190910 -0.31583
20190911 -0.31631
20190912 -0.31663
20190913 -0.31675
20190914 -0.31661
20190915 -0.31622
20190916 -0.31560
20190917 -0.31478
20190918 -0.31376
20190919 -0.31255
20190920 -0.31117
20190921 -0.30960
20190922 -0.30786
20190923 -0.30593
20190924 -0.30381
20190925 -0.30144
20190926 -0.29881
20190927 -0.29599
20190928 -0.29300
20190929 -0.28989
20190930 -0.28666
20191001 -0.28334
20191002 -0.27994
20191003 -0.27646
20191004 -0.27292
20191005 -0.26933
20191006 -0.26568
20191007 -0.26196
20191008 -0.25819
20191009 -0.25441
20191010 -0.25063
20191011 -0.24685
20191012 -0.24310
20191013 -0.23937
20191014 -0.23567
20191015 -0.23202
20191016 -0.22842
20191017 -0.22487
20191018 -0.22139
20191019 -0.21797
20191020 -0.21462
20191021 -0.21133
20191022 -0.20812
20191023 -0.20499
20191024 -0.20192
20191025 -0.19892
20191026 -0.19599
20191027 -0.19313
20191028 -0.19032
20191029 -0.18757
20191030 -0.18487
20191031 -0.18220
20191101 -0.17956
20191102 -0.17694
20191103 -0.17431
20191104 -0.17167
20191105 -0.16897
20191106 -0.16617
20191107 -0.16322
20191108 -0.16018
20191109 -0.15707
20191110 -0.15388
20191111 -0.15061
20191112 -0.14727
20191113 -0.14382
20191114 -0.14026
20191115 -0.13654
20191116 -0.13258
20191117 -0.12838
20191118 -0.12403
20191119 -0.11955
20191120 -0.11498
20191121 -0.11034
20191122 -0.10565
20191123 -0.10092
20191124 -0.09617
20191125 -0.09141
20191126 -0.08668
20191127 -0.08197
20191128 -0.07731
20191129 -0.07272
20191130 -0.06821
20191201 -0.06379
20191202 -0.05948
20191203 -0.05530
20191204 -0.05127
20191205 -0.04739
20191206 -0.04369
20191207 -0.04018
20191208 -0.03687
20191209 -0.03378
20191210 -0.03093
20191211 -0.02832
20191212 -0.02597
20191213 -0.02388
20191214 -0.02209
20191215 -0.02058
20191216 -0.01938
20191217 -0.01849
20191218 -0.01792
20191219 -0.01768
20191220 -0.01777
20191221 -0.01821
20191222 -0.01899
20191223 -0.02011
20191224 -0.02159
20191225 -0.02341
20191226 -0.02559
20191227 -0.02812
20191228 -0.03099
20191229 -0.03421
20191230 -0.03776
20191231 -0.04165
20200101 -0.04586
20200102 -0.05040
20200103 -0.05524
20200104 -0.06038
20200105 -0.06581
20200106 -0.07151
20200107 -0.07747
20200108 -0.08368
20200109 -0.09013
20200110 -0.09679
20200111 -0.10365
20200112 -0.11068
20200113 -0.11789
20200114 -0.12523
20200115 -0.13270
20200116 -0.14027
20200117 -0.14792
20200118 -0.15563
20200119 -0.16337
20200120 -0.17112
20200121 -0.17886
20200122 -0.18655
20200123 -0.19418
20200124 -0.20172
20200125 -0.20912
20200126 -0.21638
20200127 -0.22344
20200128 -0.23028
20200129 -0.23684
20200130 -0.24309
20200131 -0.24893
20200201 -0.25428
20200202 -0.25913
20200203 -0.26334
20200204 -0.26695
20200205 -0.27015
20200206 -0.27305
20200207 -0.27569
20200208 -0.27813
20200209 -0.28040
20200210 -0.28254
20200211 -0.28458
20200212 -0.28654
20200213 -0.28844
20200214 -0.29031
20200215 -0.29216
20200216 -0.29401
20200217 -0.29586
20200218 -0.29773
20200219 -0.29964
20200220 -0.30158
20200221 -0.30357
20200222 -0.30560
20200223 -0.30769
20200224 -0.30982
20200225 -0.31200
20200226 -0.31423
20200227 -0.31649
20200228 -0.31878
20200229 -0.32104
20200301 -0.32329
20200302 -0.32555
20200303 -0.32784
20200304 -0.33018
20200305 -0.33256
20200306 -0.33499
20200307 -0.33746
20200308 -0.33997
20200309 -0.34252
20200310 -0.34509
20200311 -0.34770
20200312 -0.35031
20200313 -0.35294
20200314 -0.35557
20200315 -0.35818
20200316 -0.36077
20200317 -0.36333
20200318 -0.36583
20200319 -0.36826
20200320 -0.37061
20200321 -0.37285
20200322 -0.37499
20200323 -0.37700
20200324 -0.37887
20200325 -0.38059
20200326 -0.38214
20200327 -0.38348
20200328 -0.38459
20200329 -0.38543
20200330 -0.38589
20200331 -0.38589
20200401 -0.38554
20200402 -0.38490
20200403 -0.38400
20200404 -0.38286
20200405 -0.38150
20200406 -0.37990
20200407 -0.37808
20200408 -0.37598
20200409 -0.37359
20200410 -0.37101
20200411 -0.36827
20200412 -0.36543
20200413 -0.36251
20200414 -0.35952
20200415 -0.35650
20200416 -0.35348
20200417 -0.35045
20200418 -0.34745
20200419 -0.34450
20200420 -0.34160
20200421 -0.33878
20200422 -0.33604
20200423 -0.33340
20200424 -0.33087
20200425 -0.32846
20200426 -0.32618
20200427 -0.32403
20200428 -0.32203
20200429 -0.32018
20200430 -0.31848
20200501 -0.31694
20200502 -0.31557
20200503 -0.31439
20200504 -0.31338
20200505 -0.31255
20200506 -0.31191
20200507 -0.31146
20200508 -0.31119
20200509 -0.31111
20200510 -0.31121
20200511 -0.31150
20200512 -0.31195
20200513 -0.31258
20200514 -0.31337
20200515 -0.31433
20200516 -0.31543
20200517 -0.31668
20200518 -0.31806
20200519 -0.31958
20200520 -0.32121
20200521 -0.32294
20200522 -0.32478
20200523 -0.32670
20200524 -0.32870
20200525 -0.33076
20200526 -0.33288
20200527 -0.33503
20200528 -0.33721
20200529 -0.33940
20200530 -0.34159
20200531 -0.34376
20200601 -0.34590
20200602 -0.34798
20200603 -0.34998
20200604 -0.35188
20200605 -0.35359
20200606 -0.35505
20200607 -0.35634
20200608 -0.35752
20200609 -0.35863
20200610 -0.35969
20200611 -0.36072
20200612 -0.36173
20200613 -0.36274
20200614 -0.36376
20200615 -0.36481
20200616 -0.36589
20200617 -0.36700
20200618 -0.36817
20200619 -0.36938
20200620 -0.37066
20200621 -0.37200
20200622 -0.37340
20200623 -0.37487
20200624 -0.37640
20200625 -0.37801
20200626 -0.37967
20200627 -0.38140
20200628 -0.38320
20200629 -0.38506
20200630 -0.38697
20200701 -0.38893
20200702 -0.39093
20200703 -0.39296
20200704 -0.39502
20200705 -0.39709
20200706 -0.39917
20200707 -0.40126
20200708 -0.40333
20200709 -0.40537
20200710 -0.40737
20200711 -0.40930
20200712 -0.41117
20200713 -0.41293
20200714 -0.41456
20200715 -0.41604
20200716 -0.41733
20200717 -0.41838
20200718 -0.41909
20200719 -0.41932
20200720 -0.41919
20200721 -0.41877
20200722 -0.41813
20200723 -0.41729
20200724 -0.41627
20200725 -0.41508
20200726 -0.41371
20200727 -0.41216
20200728 -0.41049
20200729 -0.40872
20200730 -0.40689
20200731 -0.40500
20200801 -0.40308
20200802 -0.40113
20200803 -0.39917
20200804 -0.39719
20200805 -0.39521
20200806 -0.39326
20200807 -0.39132
20200808 -0.38942
20200809 -0.38755
20200810 -0.38572
20200811 -0.38394
20200812 -0.38220
20200813 -0.38052
20200814 -0.37888
20200815 -0.37730
20200816 -0.37577
20200817 -0.37430
20200818 -0.37287
20200819 -0.37148
20200820 -0.37013
20200821 -0.36881
20200822 -0.36751
20200823 -0.36624
20200824 -0.36500
20200825 -0.36380
20200826 -0.36263
20200827 -0.36149
20200828 -0.36038
20200829 -0.35930
20200830 -0.35824
20200831 -0.35720
20200901 -0.35617
20200902 -0.35514
20200903 -0.35412
20200904 -0.35309
20200905 -0.35204
20200906 -0.35095
20200907 -0.34983
20200908 -0.34862
20200909 -0.34728
20200910 -0.34588
20200911 -0.34445
20200912 -0.34301
20200913 -0.34157
20200914 -0.34015
20200915 -0.33874
20200916 -0.33735
20200917 -0.33600
20200918 -0.33467
20200919 -0.33337
20200920 -0.33211
20200921 -0.33088
20200922 -0.32967
20200923 -0.32848
20200924 -0.32731
20200925 -0.32616
20200926 -0.32504
20200927 -0.32395
20200928 -0.32290
20200929 -0.32186
20200930 -0.32085
20201001 -0.31987
20201002 -0.31890
20201003 -0.31794
20201004 -0.31700
20201005 -0.31606
20201006 -0.31513
20201007 -0.31419
20201008 -0.31324
20201009 -0.31229
20201010 -0.31131
20201011 -0.31031
20201012 -0.30927
20201013 -0.30820
20201014 -0.30707
20201015 -0.30587
20201016 -0.30457
20201017 -0.30311
20201018 -0.30152
20201019 -0.29984
20201020 -0.29808
20201021 -0.29626
20201022 -0.29437
20201023 -0.29241
20201024 -0.29040
20201025 -0.28832
20201026 -0.28617
20201027 -0.28395
20201028 -0.28164
20201029 -0.27924
20201030 -0.27671
20201031 -0.27401
20201101 -0.27108
20201102 -0.26801
20201103 -0.26482
20201104 -0.26155
20201105 -0.25820
20201106 -0.25481
20201107 -0.25137
20201108 -0.24789
20201109 -0.24439
20201110 -0.24088
20201111 -0.23735
20201112 -0.23382
20201113 -0.23030
20201114 -0.22679
20201115 -0.22329
20201116 -0.21982
20201117 -0.21637
20201118 -0.21296
20201119 -0.20958
20201120 -0.20625
20201121 -0.20298
20201122 -0.19976
20201123 -0.19661
20201124 -0.19353
20201125 -0.19053
20201126 -0.18763
20201127 -0.18481
20201128 -0.18210
20201129 -0.17950
20201130 -0.17701
20201201 -0.17465
20201202 -0.17241
20201203 -0.17030
20201204 -0.16832
20201205 -0.16648
20201206 -0.16479
20201207 -0.16324
20201208 -0.16183
20201209 -0.16058
20201210 -0.15946
20201211 -0.15850
20201212 -0.15768
20201213 -0.15699
20201214 -0.15642
20201215 -0.15598
20201216 -0.15568
20201217 -0.15551
20201218 -0.15547
20201219 -0.15555
20201220 -0.15575
20201221 -0.15605
20201222 -0.15646
20201223 -0.15696
20201224 -0.15755
20201225 -0.15821
20201226 -0.15894
20201227 -0.15973
20201228 -0.16057
20201229 -0.16145
20201230 -0.16236
20201231 -0.16328
20210101 999999.00000
20210102 -0.16514
20210103 -0.16606
20210104 -0.16695
20210105 -0.16780
20210106 -0.16860
20210107 -0.16934
20210108 -0.17001
20210109 -0.17059
20210110 -0.17107
20210111 -0.17143
20210112 -0.17165
20210113 -0.17175
20210114 -0.17173
20210115 -0.17157
20210116 -0.17124
20210117 -0.17076
20210118 -0.17013
20210119 -0.16935
20210120 -0.16839
20210121 -0.16721
20210122 -0.16582
20210123 -0.16426
20210124 -0.16255
20210125 -0.16068
20210126 -0.15866
20210127 -0.15645
20210128 -0.15406
20210129 -0.15148
20210130 -0.14874
20210131 -0.14582
20210201 -0.14273
20210202 -0.13947
20210203 -0.13606
20210204 -0.13249
20210205 -0.12876
20210206 -0.12489
20210207 -0.12087
20210208 -0.11669
20210209 -0.11237
20210210 -0.10790
20210211 -0.10328
20210212 -0.09848
20210213 -0.09354
20210214 -0.08847
20210215 -0.08328
20210216 -0.07797
20210217 -0.07256
20210218 -0.06704
20210219 -0.06144
20210220 -0.05574
20210221 -0.04997
20210222 -0.04411
20210223 -0.03818
20210224 -0.03217
20210225 -0.02607
20210226 -0.01988
20210227 -0.01356
20210228 -0.00718
20210301 -0.00075
20210302 0.00570
20210303 0.01215
20210304 0.01858
20210305 0.02499
20210306 0.03137
20210307 0.03770
20210308 0.04399
20210309 0.05021
20210310 0.05637
20210311 0.06247
20210312 0.06850
20210313 0.07449
20210314 0.08043
20210315 0.08632
20210316 0.09213
20210317 0.09785
20210318 0.10347
20210319 0.10898
20210320 0.11438
20210321 0.11966
20210322 0.12483
20210323 0.12987
20210324 0.13480
20210325 0.13961
20210326 0.14429
20210327 0.14887
20210328 0.15333
20210329 0.15768
20210330 0.16192
20210331 0.16608
20210401 0.17014
20210402 0.17411
20210403 0.17802
20210404 0.18186
20210405 0.18564
20210406 0.18939
20210407 0.19310
20210408 0.19680
20210409 0.20050
20210410 0.20422
20210411 0.20797
20210412 0.21178
20210413 0.21567
20210414 0.21967
20210415 0.22381
20210416 0.22814
20210417 0.23271
20210418 0.23764
20210419 0.24305
20210420 0.24877
20210421 0.25475
20210422 0.26097
20210423 0.26740
20210424 0.27404
20210425 0.28088
20210426 0.28794
20210427 0.29523
20210428 0.30283
20210429 0.31069
20210430 0.31876
20210501 0.32700
20210502 0.33541
20210503 0.34397
20210504 0.35268
20210505 0.36152
20210506 0.37050
20210507 0.37961
20210508 0.38887
20210509 0.39827
20210510 0.40780
20210511 0.41747
20210512 0.42723
20210513 0.43705
20210514 0.44689
20210515 0.45673
20210516 0.46652
20210517 0.47623
20210518 0.48583
20210519 0.49529
20210520 0.50459
20210521 0.51370
20210522 0.52260
20210523 0.53126
20210524 0.53965
20210525 0.54776
20210526 0.55558
20210527 999999.00000
20210528 999999.00000
20210529 999999.00000
20210530 999999.00000
20210531 999999.00000
20210601 999999.00000
20210602 999999.00000
20210603 999999.00000
20210604 999999.00000
20210605 999999.00000
20210606 999999.00000
20210607 999999.00000
20210608 999999.00000
20210609 999999.00000
20210610 999999.00000
20210611 999999.00000
20210612 0.62811
20210613 0.62839
20210614 0.62821
20210615 0.62759
20210616 0.62653
20210617 0.62504
20210618 0.62313
20210619 0.62082
20210620 0.61811
20210621 0.61502
20210622 0.61156
20210623 0.60774
20210624 0.60359
20210625 0.59911
20210626 0.59433
20210627 0.58926
20210628 0.58392
20210629 0.57833
20210630 0.57251
20210701 0.56647
20210702 0.56024
20210703 0.55384
20210704 0.54729
20210705 0.54060
20210706 0.53380
20210707 0.52690
20210708 0.51993
20210709 0.51290
20210710 0.50585
20210711 0.49878
20210712 0.49172
20210713 0.48471
20210714 0.47778
20210715 0.47100
20210716 0.46437
20210717 0.45781
20210718 0.45130
20210719 0.44484
20210720 0.43840
20210721 0.43200
20210722 0.42562
20210723 0.41924
20210724 0.41283
20210725 0.40639
20210726 0.39990
20210727 0.39334
20210728 0.38673
20210729 0.38004
20210730 0.37329
20210731 0.36646
20210801 0.35957
20210802 0.35261
20210803 0.34559
20210804 0.33851
20210805 0.33139
20210806 0.32421
20210807 0.31700
20210808 0.30976
20210809 0.30249
20210810 0.29520
20210811 0.28790
20210812 0.28060
20210813 0.27330
20210814 0.26602
20210815 0.25876
20210816 0.25154
20210817 0.24436
20210818 0.23725
20210819 0.23022
20210820 0.22328
20210821 0.21646
20210822 0.20978
20210823 0.20330
20210824 0.19708
20210825 0.19108
20210826 0.18526
20210827 0.17962
20210828 0.17415
20210829 0.16883
20210830 0.16367
20210831 0.15863
20210901 0.15372
20210902 0.14893
20210903 0.14425
20210904 0.13967
20210905 0.13519
20210906 0.13081
20210907 0.12652
20210908 0.12233
20210909 0.11823
20210910 0.11422
20210911 0.11029
20210912 0.10645
20210913 0.10270
20210914 0.09903
20210915 0.09544
20210916 0.09194
20210917 0.08852
20210918 0.08520
20210919 0.08198
20210920 0.07886
20210921 0.07587
20210922 0.07304
20210923 0.07046
20210924 0.06810
20210925 0.06587
20210926 0.06370
20210927 0.06158
20210928 0.05948
20210929 0.05737
20210930 0.05524
20211001 0.05308
20211002 0.05088
20211003 0.04861
20211004 0.04629
20211005 0.04389
20211006 0.04142
20211007 0.03886
20211008 0.03622
20211009 0.03350
20211010 0.03068
20211011 0.02778
20211012 0.02479
20211013 0.02172
20211014 0.01856
20211015 0.01532
20211016 0.01200
20211017 0.00861
20211018 0.00515
20211019 0.00162
20211020 -0.00196
20211021 -0.00559
20211022 -0.00926
20211023 -0.01297
20211024 -0.01670
20211025 -0.02045
20211026 -0.02421
20211027 -0.02795
20211028 -0.03167
20211029 -0.03533
20211030 -0.03892
20211031 -0.04247
20211101 -0.04599
20211102 -0.04949
20211103 -0.05296
20211104 -0.05641
20211105 -0.05984
20211106 -0.06324
20211107 -0.06660
20211108 -0.06994
20211109 -0.07323
20211110 -0.07648
20211111 -0.07968
20211112 -0.08282
20211113 -0.08589
20211114 -0.08887
20211115 -0.09171
20211116 -0.09446
20211117 -0.09718
20211118 -0.09988
20211119 -0.10257
20211120 -0.10528
20211121 -0.10800
20211122 -0.11076
20211123 -0.11354
20211124 -0.11637
20211125 -0.11924
20211126 -0.12216
20211127 -0.12513
20211128 -0.12816
20211129 -0.13124
20211130 -0.13437
20211201 -0.13757
20211202 -0.14081
20211203 -0.14412
20211204 -0.14747
20211205 -0.15088
20211206 -0.15433
20211207 -0.15783
20211208 -0.16136
20211209 -0.16493
20211210 -0.16853
20211211 -0.17216
20211212 -0.17580
20211213 -0.17944
20211214 -0.18309
20211215 -0.18672
20211216 -0.19033
20211217 -0.19391
20211218 -0.19742
20211219 -0.20084
20211220 -0.20412
20211221 -0.20723
20211222 -0.21022
20211223 -0.21312
20211224 -0.21593
20211225 -0.21866
20211226 -0.22134
20211227 -0.22395
20211228 -0.22651
20211229 -0.22902
20211230 -0.23149
20211231 -0.23392
20220101 -0.23632
20220102 -0.23869
20220103 -0.24104
20220104 -0.24337
20220105 -0.24568
20220106 -0.24798
20220107 -0.25028
20220108 -0.25258
20220109 -0.25488
20220110 -0.25719
20220111 -0.25951
20220112 -0.26184
20220113 -0.26419
20220114 -0.26655
20220115 -0.26894
20220116 -0.27136
20220117 -0.27383
20220118 -0.27634
20220119 -0.27891
20220120 -0.28152
20220121 -0.28420
20220122 -0.28690
20220123 -0.28967
20220124 -0.29252
20220125 -0.29543
20220126 -0.29842
20220127 -0.30149
20220128 -0.30464
20220129 -0.30788
20220130 -0.31120
20220131 -0.31460
20220201 -0.31808
20220202 -0.32164
20220203 -0.32528
20220204 -0.32899
20220205 -0.33277
20220206 -0.33663
20220207 -0.34058
20220208 -0.34462
20220209 -0.34876
20220210 -0.35298
20220211 -0.35729
20220212 -0.36169
20220213 -0.36617
20220214 -0.37074
20220215 -0.37540
20220216 -0.38013
20220217 -0.38493
20220218 -0.38980
20220219 -0.39474
20220220 -0.39974
20220221 -0.40480
20220222 -0.40991
