20090220 999999.00000
20090221 999999.00000
20090222 0.27036
20090223 0.27087
20090224 0.27137
20090225 0.27188
20090226 0.27238
20090227 0.27288
20090228 0.27338
20090301 0.27387
20090302 0.27437
20090303 0.27486
20090304 0.27535
20090305 0.27583
20090306 0.27632
20090307 0.27680
20090308 0.27728
20090309 0.27776
20090310 0.27823
20090311 0.27870
20090312 0.27918
20090313 0.27964
20090314 0.28011
20090315 0.28057
20090316 0.28103
20090317 0.28149
20090318 0.28195
20090319 0.28240
20090320 0.28285
20090321 0.28330
20090322 0.28375
20090323 0.28420
20090324 0.28464
20090325 0.28508
20090326 0.28552
20090327 0.28595
20090328 0.28638
20090329 0.28681
20090330 0.28724
20090331 0.28767
20090401 0.28809
20090402 0.28851
20090403 0.28893
20090404 0.28935
20090405 0.28976
20090406 0.29017
20090407 0.29058
20090408 0.29099
20090409 0.29139
20090410 0.29180
20090411 0.29220
20090412 0.29259
20090413 0.29299
20090414 0.29338
20090415 0.29377
20090416 0.29416
20090417 0.29454
20090418 0.29493
20090419 0.29531
20090420 0.29568
20090421 0.29606
20090422 0.29643
20090423 0.29680
20090424 0.29717
20090425 0.29754
20090426 0.29790
20090427 0.29826
20090428 0.29862
20090429 0.29898
20090430 0.29933
20090501 0.29968
20090502 0.30003
20090503 0.30038
20090504 0.30072
20090505 0.30106
20090506 0.30140
20090507 0.30174
20090508 0.30207
20090509 0.30241
20090510 0.30274
20090511 0.30306
20090512 0.30339
20090513 0.30371
20090514 0.30403
20090515 0.30435
20090516 0.30466
20090517 0.30497
20090518 0.30528
20090519 0.30559
20090520 0.30589
20090521 0.30620
20090522 0.30650
20090523 0.30679
20090524 0.30709
20090525 0.30738
20090526 0.30767
20090527 0.30796
20090528 0.30824
20090529 0.30853
20090530 0.30881
20090531 0.30909
20090601 0.30936
20090602 0.30963
20090603 0.30990
20090604 0.31017
20090605 0.31044
20090606 0.31070
20090607 0.31096
20090608 0.31122
20090609 0.31147
20090610 0.31173
20090611 0.31198
20090612 0.31223
20090613 0.31247
20090614 0.31272
20090615 0.31296
20090616 0.31319
20090617 0.31343
20090618 0.31366
20090619 0.31389
20090620 0.31412
20090621 0.31435
20090622 0.31457
20090623 0.31479
20090624 0.31501
20090625 0.31523
20090626 0.31544
20090627 0.31565
20090628 0.31586
20090629 0.31607
20090630 0.31627
20090701 0.31647
20090702 0.31667
20090703 0.31687
20090704 0.31706
20090705 0.31725
20090706 0.31744
20090707 0.31763
20090708 0.31781
20090709 0.31799
20090710 0.31817
20090711 0.31835
20090712 0.31852
20090713 0.31869
20090714 0.31886
20090715 0.31903
20090716 0.31920
20090717 0.31936
20090718 0.31952
20090719 0.31967
20090720 0.31983
20090721 0.31998
20090722 0.32013
20090723 0.32028
20090724 0.32042
20090725 0.32056
20090726 0.32070
20090727 0.32084
20090728 0.32098
20090729 0.32111
20090730 0.32124
20090731 0.32137
20090801 0.32149
20090802 0.32161
20090803 0.32173
20090804 0.32185
20090805 0.32197
20090806 0.32208
20090807 0.32219
20090808 0.32230
20090809 0.32241
20090810 0.32251
20090811 0.32261
20090812 0.32271
20090813 0.32281
20090814 0.32290
20090815 0.32299
20090816 0.32308
20090817 0.32317
20090818 0.32325
20090819 0.32333
20090820 0.32341
20090821 0.32349
20090822 0.32356
20090823 0.32364
20090824 0.32371
20090825 0.32377
20090826 0.32384
20090827 0.32390
20090828 0.32396
20090829 0.32402
20090830 0.32407
20090831 0.32413
20090901 0.32418
20090902 0.32423
20090903 0.32427
20090904 0.32432
20090905 0.32436
20090906 0.32440
20090907 0.32443
20090908 0.32447
20090909 0.32450
20090910 0.32453
20090911 0.32456
20090912 0.32458
20090913 0.32461
20090914 0.32463
20090915 0.32464
20090916 0.32466
20090917 0.32467
20090918 0.32468
20090919 0.32469
20090920 0.32470
20090921 0.32470
20090922 0.32471
20090923 0.32471
20090924 0.32470
20090925 0.32470
20090926 0.32469
20090927 0.32468
20090928 0.32467
20090929 0.32466
20090930 0.32464
20091001 0.32462
20091002 0.32460
20091003 0.32458
20091004 0.32455
20091005 0.32453
20091006 0.32450
20091007 0.32446
20091008 0.32443
20091009 0.32439
20091010 0.32435
20091011 0.32431
20091012 0.32427
20091013 0.32423
20091014 0.32418
20091015 0.32413
20091016 0.32408
20091017 0.32402
20091018 0.32397
20091019 0.32391
20091020 0.32385
20091021 0.32378
20091022 0.32372
20091023 0.32365
20091024 0.32358
20091025 0.32351
20091026 0.32344
20091027 0.32336
20091028 0.32328
20091029 0.32320
20091030 0.32312
20091031 0.32304
20091101 0.32295
20091102 0.32286
20091103 0.32277
20091104 0.32268
20091105 0.32258
20091106 0.32249
20091107 0.32239
20091108 0.32229
20091109 0.32218
20091110 0.32208
20091111 0.32197
20091112 0.32186
20091113 0.32175
20091114 0.32164
20091115 0.32152
20091116 0.32140
20091117 0.32128
20091118 0.32116
20091119 0.32104
20091120 0.32091
20091121 0.32079
20091122 0.32066
20091123 0.32052
20091124 0.32039
20091125 0.32026
20091126 0.32012
20091127 0.31998
20091128 0.31984
20091129 0.31969
20091130 0.31955
20091201 0.31940
20091202 0.31925
20091203 0.31910
20091204 0.31895
20091205 0.31879
20091206 0.31863
20091207 0.31847
20091208 0.31831
20091209 0.31815
20091210 0.31799
20091211 0.31782
20091212 0.31765
20091213 0.31748
20091214 0.31731
20091215 0.31713
20091216 0.31696
20091217 0.31678
20091218 0.31660
20091219 0.31642
20091220 0.31624
20091221 0.31605
20091222 0.31586
20091223 0.31568
20091224 0.31549
20091225 0.31529
20091226 0.31510
20091227 0.31490
20091228 0.31471
20091229 0.31451
20091230 0.31431
20091231 0.31410
20100101 0.31390
20100102 0.31369
20100103 0.31348
20100104 0.31327
20100105 0.31306
20100106 0.31285
20100107 0.31263
20100108 0.31242
20100109 0.31220
20100110 0.31198
20100111 0.31176
20100112 0.31153
20100113 0.31131
20100114 0.31108
20100115 0.31085
20100116 0.31062
20100117 0.31039
20100118 0.31016
20100119 0.30992
20100120 0.30969
20100121 0.30945
20100122 0.30921
20100123 0.30897
20100124 0.30873
20100125 0.30848
20100126 0.30824
20100127 0.30799
20100128 0.30774
20100129 0.30749
20100130 0.30724
20100131 0.30698
20100201 0.30673
20100202 0.30647
20100203 0.30621
20100204 0.30596
20100205 0.30569
20100206 0.30543
20100207 0.30517
20100208 0.30490
20100209 0.30464
20100210 0.30437
20100211 0.30410
20100212 0.30383
20100213 0.30355
20100214 0.30328
20100215 0.30301
20100216 0.30273
20100217 0.30245
20100218 0.30217
20100219 0.30189
20100220 0.30161
20100221 0.30133
20100222 0.30104
20100223 0.30075
20100224 0.30047
20100225 0.30018
20100226 0.29989
20100227 0.29960
20100228 0.29930
20100301 0.29901
20100302 0.29872
20100303 0.29842
20100304 0.29812
20100305 0.29782
20100306 0.29752
20100307 0.29722
20100308 0.29692
20100309 0.29661
20100310 0.29631
20100311 0.29600
20100312 0.29570
20100313 0.29539
20100314 0.29508
20100315 0.29477
20100316 0.29446
20100317 0.29414
20100318 0.29383
20100319 0.29351
20100320 0.29320
20100321 0.29288
20100322 0.29256
20100323 0.29224
20100324 0.29192
20100325 0.29160
20100326 0.29127
20100327 0.29095
20100328 0.29063
20100329 0.29030
20100330 0.28997
20100331 0.28964
20100401 0.28932
20100402 0.28899
20100403 0.28865
20100404 0.28832
20100405 0.28799
20100406 0.28766
20100407 0.28732
20100408 0.28698
20100409 0.28665
20100410 0.28631
20100411 0.28597
20100412 0.28563
20100413 0.28529
20100414 0.28495
20100415 0.28461
20100416 0.28426
20100417 0.28392
20100418 0.28358
20100419 0.28323
20100420 0.28288
20100421 0.28254
20100422 0.28219
20100423 0.28184
20100424 0.28149
20100425 0.28114
20100426 0.28079
20100427 0.28044
20100428 0.28008
20100429 0.27973
20100430 0.27938
20100501 0.27902
20100502 0.27866
20100503 0.27831
20100504 0.27795
20100505 0.27759
20100506 0.27723
20100507 0.27688
20100508 0.27652
20100509 0.27615
20100510 0.27579
20100511 0.27543
20100512 0.27507
20100513 0.27471
20100514 0.27434
20100515 0.27398
20100516 0.27361
20100517 0.27325
20100518 0.27288
20100519 0.27252
20100520 0.27215
20100521 0.27178
20100522 0.27141
20100523 0.27104
20100524 0.27067
20100525 0.27030
20100526 0.26993
20100527 0.26956
20100528 0.26919
20100529 0.26882
20100530 0.26845
20100531 0.26808
20100601 0.26770
20100602 0.26733
20100603 0.26696
20100604 0.26658
20100605 0.26621
20100606 0.26583
20100607 0.26546
20100608 0.26508
20100609 0.26471
20100610 0.26433
20100611 0.26395
20100612 0.26358
20100613 0.26320
20100614 0.26282
20100615 0.26244
20100616 0.26207
20100617 0.26169
20100618 0.26131
20100619 0.26093
20100620 0.26055
20100621 0.26017
20100622 0.25980
20100623 0.25942
20100624 0.25904
20100625 0.25866
20100626 0.25828
20100627 0.25790
20100628 0.25752
20100629 0.25714
20100630 0.25676
20100701 0.25639
20100702 0.25601
20100703 0.25563
20100704 0.25525
20100705 0.25487
20100706 0.25450
20100707 0.25412
20100708 0.25374
20100709 0.25337
20100710 0.25299
20100711 0.25262
20100712 0.25225
20100713 0.25187
20100714 0.25150
20100715 0.25113
20100716 0.25076
20100717 0.25040
20100718 0.25003
20100719 0.24967
20100720 0.24931
20100721 0.24895
20100722 0.24859
20100723 0.24824
20100724 0.24789
20100725 0.24755
20100726 0.24720
20100727 0.24687
20100728 0.24654
20100729 0.24621
20100730 0.24590
20100731 0.24559
20100801 0.24529
20100802 0.24500
20100803 0.24472
20100804 0.24445
20100805 0.24420
20100806 0.24395
20100807 0.24373
20100808 0.24351
20100809 0.24331
20100810 0.24313
20100811 0.24295
20100812 0.24279
20100813 0.24265
20100814 0.24251
20100815 0.24238
20100816 0.24227
20100817 0.24216
20100818 0.24206
20100819 0.24197
20100820 0.24188
20100821 0.24180
20100822 0.24173
20100823 0.24166
20100824 0.24159
20100825 0.24153
20100826 0.24147
20100827 0.24141
20100828 0.24136
20100829 0.24130
20100830 0.24125
20100831 0.24121
20100901 0.24116
20100902 0.24111
20100903 0.24107
20100904 0.24103
20100905 0.24098
20100906 0.24094
20100907 0.24090
20100908 0.24087
20100909 0.24083
20100910 0.24079
20100911 0.24075
20100912 0.24072
20100913 0.24068
20100914 0.24065
20100915 0.24061
20100916 0.24058
20100917 0.24055
20100918 0.24051
20100919 0.24048
20100920 0.24045
20100921 0.24042
20100922 0.24038
20100923 0.24035
20100924 0.24032
20100925 0.24029
20100926 0.24026
20100927 0.24023
20100928 0.24020
20100929 0.24017
20100930 0.24013
20101001 0.24010
20101002 0.24007
20101003 0.24004
20101004 0.24001
20101005 0.23998
20101006 0.23995
20101007 0.23992
20101008 0.23989
20101009 0.23986
20101010 0.23983
20101011 0.23980
20101012 0.23977
20101013 0.23975
20101014 0.23972
20101015 0.23969
20101016 0.23966
20101017 0.23963
20101018 0.23960
20101019 0.23957
20101020 0.23954
20101021 0.23951
20101022 0.23948
20101023 0.23945
20101024 0.23942
20101025 0.23939
20101026 0.23936
20101027 0.23933
20101028 0.23929
20101029 0.23926
20101030 0.23923
20101031 0.23920
20101101 0.23917
20101102 0.23914
20101103 0.23911
20101104 0.23908
20101105 0.23905
20101106 0.23902
20101107 0.23898
20101108 0.23895
20101109 0.23892
20101110 0.23889
20101111 0.23886
20101112 0.23882
20101113 0.23879
20101114 0.23876
20101115 0.23872
20101116 0.23869
20101117 0.23866
20101118 0.23862
20101119 0.23859
20101120 0.23856
20101121 0.23852
20101122 0.23849
20101123 0.23845
20101124 0.23842
20101125 0.23838
20101126 0.23835
20101127 0.23831
20101128 0.23828
20101129 0.23824
20101130 0.23821
20101201 0.23817
20101202 0.23813
20101203 0.23810
20101204 0.23806
20101205 0.23802
20101206 0.23798
20101207 0.23794
20101208 0.23791
20101209 0.23787
20101210 0.23783
20101211 0.23779
20101212 0.23775
20101213 0.23771
20101214 0.23767
20101215 0.23763
20101216 0.23759
20101217 0.23755
20101218 0.23751
20101219 0.23746
20101220 0.23742
20101221 0.23738
20101222 0.23734
20101223 0.23729
20101224 0.23725
20101225 0.23721
20101226 0.23716
20101227 0.23712
20101228 0.23707
20101229 0.23703
20101230 0.23698
20101231 0.23694
20110101 0.23689
20110102 0.23684
20110103 0.23679
20110104 0.23675
20110105 0.23670
20110106 0.23665
20110107 0.23660
20110108 0.23655
20110109 0.23650
20110110 0.23645
20110111 0.23640
20110112 0.23635
20110113 0.23630
20110114 0.23625
20110115 0.23619
20110116 0.23614
20110117 0.23609
20110118 0.23603
20110119 0.23598
20110120 0.23593
20110121 0.23587
20110122 0.23581
20110123 0.23576
20110124 0.23570
20110125 0.23564
20110126 0.23559
20110127 0.23553
20110128 0.23547
20110129 0.23541
20110130 0.23535
20110131 0.23529
20110201 0.23523
20110202 0.23517
20110203 0.23511
20110204 0.23505
20110205 0.23498
20110206 0.23492
20110207 0.23486
20110208 0.23479
20110209 0.23473
20110210 0.23466
20110211 0.23459
20110212 0.23453
20110213 0.23446
20110214 0.23439
20110215 0.23433
20110216 0.23426
20110217 0.23419
20110218 0.23412
20110219 0.23405
20110220 0.23398
20110221 0.23390
20110222 0.23383
20110223 0.23376
20110224 0.23368
20110225 0.23361
20110226 0.23354
20110227 0.23346
20110228 0.23338
20110301 0.23331
20110302 0.23323
20110303 0.23315
20110304 0.23307
20110305 0.23300
20110306 0.23292
20110307 0.23284
20110308 0.23275
20110309 0.23267
20110310 0.23259
20110311 0.23251
20110312 0.23242
20110313 0.23234
20110314 0.23226
20110315 0.23217
20110316 0.23208
20110317 0.23200
20110318 0.23191
20110319 0.23182
20110320 0.23173
20110321 0.23164
20110322 0.23155
20110323 0.23146
20110324 0.23137
20110325 0.23128
20110326 0.23119
20110327 0.23109
20110328 0.23100
20110329 0.23090
20110330 0.23081
20110331 0.23071
20110401 0.23061
20110402 0.23052
20110403 0.23042
20110404 0.23032
20110405 0.23022
20110406 0.23012
20110407 0.23002
20110408 0.22992
20110409 0.22981
20110410 0.22971
20110411 0.22961
20110412 0.22950
20110413 0.22940
20110414 0.22929
20110415 0.22918
20110416 0.22907
20110417 0.22897
20110418 0.22886
20110419 0.22875
20110420 0.22864
20110421 0.22853
20110422 0.22841
20110423 0.22830
20110424 0.22819
20110425 0.22807
20110426 0.22796
20110427 0.22784
20110428 0.22773
20110429 0.22761
20110430 0.22749
20110501 0.22737
20110502 0.22725
20110503 0.22713
20110504 0.22701
20110505 0.22689
20110506 0.22677
20110507 0.22665
20110508 0.22652
20110509 0.22640
20110510 0.22627
20110511 0.22615
20110512 0.22602
20110513 0.22589
20110514 0.22576
20110515 0.22563
20110516 0.22550
20110517 0.22537
20110518 0.22524
20110519 0.22511
20110520 0.22498
20110521 0.22484
20110522 0.22471
20110523 0.22457
20110524 0.22444
20110525 0.22430
20110526 0.22417
20110527 0.22403
20110528 0.22389
20110529 0.22375
20110530 0.22361
20110531 0.22347
20110601 0.22333
20110602 0.22318
20110603 0.22304
20110604 0.22290
20110605 0.22275
20110606 0.22261
20110607 0.22246
20110608 0.22231
20110609 0.22217
20110610 0.22202
20110611 0.22187
20110612 0.22172
20110613 0.22157
20110614 0.22142
20110615 0.22127
20110616 0.22111
20110617 0.22096
20110618 0.22081
20110619 0.22065
20110620 0.22050
20110621 0.22034
20110622 0.22018
20110623 0.22003
20110624 0.21987
20110625 0.21971
20110626 0.21955
20110627 0.21939
20110628 0.21923
20110629 0.21907
20110630 0.21890
20110701 0.21874
20110702 0.21858
20110703 0.21841
20110704 0.21825
20110705 0.21808
20110706 0.21792
20110707 0.21775
20110708 0.21758
20110709 0.21741
20110710 0.21724
20110711 0.21707
20110712 0.21690
20110713 0.21673
20110714 0.21656
20110715 0.21639
20110716 0.21621
20110717 0.21604
20110718 0.21587
20110719 0.21569
20110720 0.21552
20110721 0.21534
20110722 0.21516
20110723 0.21499
20110724 0.21481
20110725 0.21463
20110726 0.21445
20110727 0.21427
20110728 0.21409
20110729 0.21391
20110730 0.21373
20110731 0.21355
20110801 0.21336
20110802 0.21318
20110803 0.21300
20110804 0.21281
20110805 0.21263
20110806 0.21244
20110807 0.21226
20110808 0.21207
20110809 0.21188
20110810 0.21170
20110811 0.21151
20110812 0.21132
20110813 0.21113
20110814 0.21094
20110815 0.21075
20110816 0.21056
20110817 0.21037
20110818 0.21018
20110819 0.20999
20110820 0.20980
20110821 0.20961
20110822 0.20941
20110823 0.20922
20110824 0.20903
20110825 0.20883
20110826 0.20864
20110827 0.20844
20110828 0.20825
20110829 0.20805
20110830 0.20786
20110831 0.20766
20110901 0.20747
20110902 0.20727
20110903 0.20707
20110904 0.20687
20110905 0.20668
20110906 0.20648
20110907 0.20628
20110908 0.20608
20110909 0.20588
20110910 0.20568
20110911 0.20548
20110912 0.20529
20110913 0.20509
20110914 0.20489
20110915 0.20469
20110916 0.20449
20110917 0.20428
20110918 0.20408
20110919 0.20388
20110920 0.20368
20110921 0.20348
20110922 0.20328
20110923 0.20308
20110924 0.20288
20110925 0.20268
20110926 0.20248
20110927 0.20227
20110928 0.20207
20110929 0.20187
20110930 0.20167
20111001 0.20147
20111002 0.20127
20111003 0.20106
20111004 0.20086
20111005 0.20066
20111006 0.20046
20111007 0.20026
20111008 0.20006
20111009 0.19986
20111010 0.19965
20111011 0.19945
20111012 0.19925
20111013 0.19905
20111014 0.19885
20111015 0.19865
20111016 0.19845
20111017 0.19825
20111018 0.19805
20111019 0.19785
20111020 0.19765
20111021 0.19745
20111022 0.19725
20111023 0.19705
20111024 0.19686
20111025 0.19666
20111026 0.19646
20111027 0.19626
20111028 0.19606
20111029 0.19587
20111030 0.19567
20111031 0.19547
20111101 0.19528
20111102 0.19508
20111103 0.19489
20111104 0.19469
20111105 0.19450
20111106 0.19430
20111107 0.19411
20111108 0.19392
20111109 0.19373
20111110 0.19353
20111111 0.19334
20111112 0.19315
20111113 0.19296
20111114 0.19277
20111115 0.19258
20111116 0.19239
20111117 0.19220
20111118 0.19201
20111119 0.19182
20111120 0.19164
20111121 0.19145
20111122 0.19126
20111123 0.19108
20111124 0.19089
20111125 0.19071
20111126 0.19052
20111127 0.19034
20111128 0.19016
20111129 0.18997
20111130 0.18979
20111201 0.18961
20111202 0.18943
20111203 0.18925
20111204 0.18907
20111205 0.18889
20111206 0.18871
20111207 0.18853
20111208 0.18835
20111209 0.18817
20111210 0.18800
20111211 0.18782
20111212 0.18765
20111213 0.18747
20111214 0.18730
20111215 0.18712
20111216 0.18695
20111217 0.18677
20111218 0.18660
20111219 0.18643
20111220 0.18626
20111221 0.18608
20111222 0.18591
20111223 0.18574
20111224 0.18557
20111225 0.18540
20111226 0.18523
20111227 0.18506
20111228 0.18490
20111229 0.18473
20111230 0.18456
20111231 0.18439
20120101 0.18422
20120102 0.18406
20120103 0.18389
20120104 0.18373
20120105 0.18356
20120106 0.18339
20120107 0.18323
20120108 0.18306
20120109 0.18290
20120110 0.18274
20120111 0.18257
20120112 0.18241
20120113 0.18224
20120114 0.18208
20120115 0.18192
20120116 0.18175
20120117 0.18159
20120118 0.18143
20120119 0.18126
20120120 0.18110
20120121 0.18094
20120122 0.18078
20120123 0.18062
20120124 0.18045
20120125 0.18029
20120126 0.18013
20120127 0.17997
20120128 0.17981
20120129 0.17964
20120130 0.17948
20120131 0.17932
20120201 0.17916
20120202 0.17900
20120203 0.17883
20120204 0.17867
20120205 0.17851
20120206 0.17835
20120207 0.17818
20120208 0.17802
20120209 0.17786
20120210 0.17770
20120211 0.17753
20120212 0.17737
20120213 0.17721
20120214 0.17704
20120215 0.17688
20120216 0.17671
20120217 0.17655
20120218 0.17639
20120219 0.17622
20120220 0.17606
20120221 0.17589
20120222 0.17573
20120223 0.17556
20120224 0.17539
20120225 0.17523
20120226 0.17506
20120227 0.17489
20120228 0.17473
20120229 0.17456
20120301 0.17439
20120302 0.17422
20120303 0.17405
20120304 0.17388
20120305 0.17371
20120306 0.17354
20120307 0.17337
20120308 0.17320
20120309 0.17303
20120310 0.17286
20120311 0.17268
20120312 0.17251
20120313 0.17234
20120314 0.17216
20120315 0.17199
20120316 0.17181
20120317 0.17164
20120318 0.17146
20120319 0.17128
20120320 0.17111
20120321 0.17093
20120322 0.17075
20120323 0.17057
20120324 0.17039
20120325 0.17021
20120326 0.17003
20120327 0.16985
20120328 0.16967
20120329 0.16948
20120330 0.16930
20120331 0.16912
20120401 0.16893
20120402 0.16874
20120403 0.16856
20120404 0.16837
20120405 0.16818
20120406 0.16800
20120407 0.16781
20120408 0.16762
20120409 0.16743
20120410 0.16724
20120411 0.16704
20120412 0.16685
20120413 0.16666
20120414 0.16646
20120415 0.16627
20120416 0.16607
20120417 0.16588
20120418 0.16568
20120419 0.16548
20120420 0.16528
20120421 0.16508
20120422 0.16488
20120423 0.16468
20120424 0.16448
20120425 0.16428
20120426 0.16407
20120427 0.16387
20120428 0.16366
20120429 0.16346
20120430 0.16325
20120501 0.16304
20120502 0.16284
20120503 0.16263
20120504 0.16242
20120505 0.16220
20120506 0.16199
20120507 0.16178
20120508 0.16156
20120509 0.16135
20120510 0.16113
20120511 0.16092
20120512 0.16070
20120513 0.16048
20120514 0.16026
20120515 0.16004
20120516 0.15982
20120517 0.15960
20120518 0.15938
20120519 0.15915
20120520 0.15893
20120521 0.15870
20120522 0.15847
20120523 0.15825
20120524 0.15802
20120525 0.15779
20120526 0.15756
20120527 0.15733
20120528 0.15709
20120529 0.15686
20120530 0.15662
20120531 0.15639
20120601 0.15615
20120602 0.15591
20120603 0.15568
20120604 0.15544
20120605 0.15520
20120606 0.15495
20120607 0.15471
20120608 0.15447
20120609 0.15422
20120610 0.15398
20120611 0.15373
20120612 0.15348
20120613 0.15324
20120614 0.15299
20120615 0.15274
20120616 0.15248
20120617 0.15223
20120618 0.15198
20120619 0.15172
20120620 0.15147
20120621 0.15121
20120622 0.15095
20120623 0.15069
20120624 0.15043
20120625 0.15017
20120626 0.14991
20120627 0.14965
20120628 0.14938
20120629 0.14912
20120630 0.14885
20120701 0.14858
20120702 0.14831
20120703 0.14804
20120704 0.14777
20120705 0.14750
20120706 0.14723
20120707 0.14695
20120708 0.14668
20120709 0.14640
20120710 0.14612
20120711 0.14585
20120712 0.14557
20120713 0.14529
20120714 0.14500
20120715 0.14472
20120716 0.14444
20120717 0.14415
20120718 0.14387
20120719 0.14358
20120720 0.14329
20120721 0.14300
20120722 0.14271
20120723 0.14242
20120724 0.14213
20120725 0.14183
20120726 0.14154
20120727 0.14124
20120728 0.14095
20120729 0.14065
20120730 0.14035
20120731 0.14005
20120801 0.13975
20120802 0.13944
20120803 0.13914
20120804 0.13883
20120805 0.13853
20120806 0.13822
20120807 0.13791
20120808 0.13760
20120809 0.13729
20120810 0.13698
20120811 0.13667
20120812 0.13636
20120813 0.13604
20120814 0.13572
20120815 0.13541
20120816 0.13509
20120817 0.13477
20120818 0.13445
20120819 0.13413
20120820 0.13380
20120821 0.13348
20120822 0.13316
20120823 0.13283
20120824 0.13250
20120825 0.13217
20120826 0.13184
20120827 0.13151
20120828 0.13118
20120829 0.13085
20120830 0.13051
20120831 0.13018
20120901 0.12984
20120902 0.12951
20120903 0.12917
20120904 0.12883
20120905 0.12849
20120906 0.12814
20120907 0.12780
20120908 0.12746
20120909 0.12711
20120910 0.12677
20120911 0.12642
20120912 0.12607
20120913 0.12572
20120914 0.12537
20120915 0.12502
20120916 0.12466
20120917 0.12431
20120918 0.12396
20120919 0.12360
20120920 0.12324
20120921 0.12288
20120922 0.12252
20120923 0.12216
20120924 0.12180
20120925 0.12144
20120926 0.12107
20120927 0.12071
20120928 0.12034
20120929 0.11998
20120930 0.11961
20121001 0.11924
20121002 0.11887
20121003 0.11849
20121004 0.11812
20121005 0.11775
20121006 0.11737
20121007 0.11700
20121008 0.11662
20121009 0.11624
20121010 0.11586
20121011 0.11548
20121012 0.11510
20121013 0.11472
20121014 0.11434
20121015 0.11395
20121016 0.11357
20121017 0.11318
20121018 0.11279
20121019 0.11240
20121020 0.11201
20121021 0.11162
20121022 0.11123
20121023 0.11084
20121024 0.11044
20121025 0.11005
20121026 0.10965
20121027 0.10925
20121028 0.10886
20121029 0.10846
20121030 0.10806
20121031 0.10765
20121101 0.10725
20121102 0.10685
20121103 0.10644
20121104 0.10604
20121105 0.10563
20121106 0.10523
20121107 0.10482
20121108 0.10441
20121109 0.10400
20121110 0.10359
20121111 0.10317
20121112 0.10276
20121113 0.10235
20121114 0.10193
20121115 0.10151
20121116 0.10110
20121117 0.10068
20121118 0.10026
20121119 0.09984
20121120 0.09942
20121121 0.09900
20121122 0.09857
20121123 0.09815
20121124 0.09772
20121125 0.09730
20121126 0.09687
20121127 0.09644
20121128 0.09601
20121129 0.09558
20121130 0.09515
20121201 0.09472
20121202 0.09429
20121203 0.09386
20121204 0.09342
20121205 0.09299
20121206 0.09255
20121207 0.09211
20121208 0.09168
20121209 0.09124
20121210 0.09080
20121211 0.09036
20121212 0.08992
20121213 0.08947
20121214 0.08903
20121215 0.08859
20121216 0.08814
20121217 0.08769
20121218 0.08725
20121219 0.08680
20121220 0.08635
20121221 0.08590
20121222 0.08545
20121223 0.08500
20121224 0.08455
20121225 0.08410
20121226 0.08365
20121227 0.08319
20121228 0.08274
20121229 0.08228
20121230 0.08182
20121231 0.08137
20130101 0.08091
20130102 0.08045
20130103 0.07999
20130104 0.07953
20130105 0.07907
20130106 0.07861
20130107 0.07814
20130108 0.07768
20130109 0.07722
20130110 0.07675
20130111 0.07629
20130112 0.07582
20130113 0.07535
20130114 0.07489
20130115 0.07442
20130116 0.07395
20130117 0.07348
20130118 0.07301
20130119 0.07254
20130120 0.07206
20130121 0.07159
20130122 0.07112
20130123 0.07064
20130124 0.07017
20130125 0.06970
20130126 0.06922
20130127 0.06874
20130128 0.06827
20130129 0.06779
20130130 0.06731
20130131 0.06683
20130201 0.06635
20130202 0.06587
20130203 0.06539
20130204 0.06491
20130205 0.06443
20130206 0.06395
20130207 0.06346
20130208 0.06298
20130209 0.06249
20130210 0.06201
20130211 0.06152
20130212 0.06104
20130213 0.06055
20130214 0.06007
20130215 0.05958
20130216 0.05909
20130217 0.05860
20130218 0.05811
20130219 0.05763
20130220 0.05714
20130221 0.05665
20130222 0.05616
20130223 0.05566
20130224 0.05517
20130225 0.05468
20130226 0.05419
20130227 0.05370
20130228 0.05320
20130301 0.05271
20130302 0.05222
20130303 0.05172
20130304 0.05123
20130305 0.05073
20130306 0.05024
20130307 0.04974
20130308 0.04925
20130309 0.04875
20130310 0.04825
20130311 0.04776
20130312 0.04726
20130313 0.04676
20130314 0.04626
20130315 0.04577
20130316 0.04527
20130317 0.04477
20130318 0.04427
20130319 0.04377
20130320 0.04327
20130321 0.04277
20130322 0.04227
20130323 0.04177
20130324 0.04127
20130325 0.04077
20130326 0.04027
20130327 0.03977
20130328 0.03927
20130329 0.03877
20130330 0.03827
20130331 0.03777
20130401 0.03727
20130402 0.03677
20130403 0.03627
20130404 0.03577
20130405 0.03527
20130406 0.03476
20130407 0.03426
20130408 0.03376
20130409 0.03326
20130410 0.03276
20130411 0.03226
20130412 0.03176
20130413 0.03126
20130414 0.03076
20130415 0.03025
20130416 0.02975
20130417 0.02925
20130418 0.02875
20130419 0.02825
20130420 0.02775
20130421 0.02725
20130422 0.02675
20130423 0.02625
20130424 0.02575
20130425 0.02525
20130426 0.02476
20130427 0.02426
20130428 0.02376
20130429 0.02326
20130430 0.02276
20130501 0.02227
20130502 0.02177
20130503 0.02127
20130504 0.02078
20130505 0.02028
20130506 0.01978
20130507 0.01929
20130508 0.01879
20130509 0.01830
20130510 0.01781
20130511 0.01731
20130512 0.01682
20130513 0.01633
20130514 0.01584
20130515 0.01535
20130516 0.01486
20130517 0.01437
20130518 0.01388
20130519 0.01339
20130520 0.01291
20130521 0.01242
20130522 0.01193
20130523 0.01145
20130524 0.01097
20130525 0.01048
20130526 0.01000
20130527 0.00952
20130528 0.00904
20130529 0.00856
20130530 0.00808
20130531 0.00760
20130601 0.00713
20130602 0.00665
20130603 0.00618
20130604 0.00571
20130605 0.00524
20130606 0.00477
20130607 0.00430
20130608 0.00383
20130609 0.00336
20130610 0.00290
20130611 0.00243
20130612 0.00197
20130613 0.00151
20130614 0.00105
20130615 0.00060
20130616 0.00014
20130617 -0.00031
20130618 -0.00077
20130619 -0.00122
20130620 -0.00166
20130621 -0.00211
20130622 -0.00256
20130623 -0.00300
20130624 -0.00344
20130625 -0.00388
20130626 -0.00432
20130627 -0.00475
20130628 -0.00518
20130629 -0.00561
20130630 -0.00604
20130701 -0.00647
20130702 -0.00689
20130703 -0.00731
20130704 -0.00773
20130705 -0.00815
20130706 -0.00856
20130707 -0.00897
20130708 -0.00938
20130709 -0.00979
20130710 -0.01019
20130711 -0.01059
20130712 -0.01099
20130713 -0.01138
20130714 -0.01177
20130715 -0.01216
20130716 -0.01255
20130717 -0.01293
20130718 -0.01331
20130719 -0.01368
20130720 -0.01406
20130721 -0.01443
20130722 -0.01479
20130723 -0.01516
20130724 -0.01552
20130725 -0.01587
20130726 -0.01623
20130727 -0.01658
20130728 -0.01692
20130729 -0.01727
20130730 -0.01761
20130731 -0.01794
20130801 -0.01828
20130802 -0.01861
20130803 -0.01893
20130804 -0.01926
20130805 -0.01958
20130806 -0.01989
20130807 -0.02020
20130808 -0.02051
20130809 -0.02082
20130810 -0.02112
20130811 -0.02142
20130812 -0.02171
20130813 -0.02201
20130814 -0.02229
20130815 -0.02258
20130816 -0.02286
20130817 -0.02314
20130818 -0.02341
20130819 -0.02369
20130820 -0.02395
20130821 -0.02422
20130822 -0.02448
20130823 -0.02474
20130824 -0.02500
20130825 -0.02525
20130826 -0.02550
20130827 -0.02575
20130828 -0.02599
20130829 -0.02623
20130830 -0.02647
20130831 -0.02671
20130901 -0.02694
20130902 -0.02717
20130903 -0.02740
20130904 -0.02763
20130905 -0.02785
20130906 -0.02807
20130907 -0.02829
20130908 -0.02850
20130909 -0.02872
20130910 -0.02893
20130911 -0.02913
20130912 -0.02934
20130913 -0.02954
20130914 -0.02975
20130915 -0.02995
20130916 -0.03014
20130917 -0.03034
20130918 -0.03053
20130919 -0.03073
20130920 -0.03092
20130921 -0.03110
20130922 -0.03129
20130923 -0.03148
20130924 -0.03166
20130925 -0.03184
20130926 -0.03202
20130927 -0.03220
20130928 -0.03238
20130929 -0.03255
20130930 -0.03273
20131001 -0.03290
20131002 -0.03307
20131003 -0.03324
20131004 -0.03341
20131005 -0.03357
20131006 -0.03374
20131007 -0.03390
20131008 -0.03407
20131009 -0.03423
20131010 -0.03439
20131011 -0.03455
20131012 -0.03471
20131013 -0.03487
20131014 -0.03502
20131015 -0.03518
20131016 -0.03534
20131017 -0.03549
20131018 -0.03564
20131019 -0.03580
20131020 -0.03595
20131021 -0.03610
20131022 -0.03625
20131023 -0.03640
20131024 -0.03655
20131025 -0.03669
20131026 -0.03684
20131027 -0.03699
20131028 -0.03713
20131029 -0.03728
20131030 -0.03742
20131031 -0.03756
20131101 999999.00000
20131102 999999.00000
20131103 999999.00000
20131104 999999.00000
20131105 999999.00000
20131106 -0.03842
20131107 -0.03856
20131108 -0.03870
20131109 -0.03883
20131110 -0.03897
20131111 -0.03911
20131112 -0.03925
20131113 -0.03939
20131114 -0.03952
20131115 -0.03966
20131116 -0.03980
20131117 -0.03993
20131118 -0.04007
20131119 -0.04021
20131120 -0.04034
20131121 -0.04048
20131122 -0.04061
20131123 -0.04075
20131124 -0.04088
20131125 -0.04102
20131126 -0.04115
20131127 -0.04128
20131128 -0.04142
20131129 -0.04155
20131130 -0.04169
20131201 -0.04182
20131202 -0.04195
20131203 -0.04209
20131204 -0.04222
20131205 -0.04235
20131206 -0.04249
20131207 -0.04262
20131208 -0.04275
20131209 -0.04289
20131210 -0.04302
20131211 -0.04315
20131212 -0.04329
20131213 -0.04342
20131214 -0.04355
20131215 -0.04369
20131216 -0.04382
20131217 -0.04395
20131218 -0.04409
20131219 -0.04422
20131220 -0.04435
20131221 -0.04449
20131222 -0.04462
20131223 -0.04475
20131224 -0.04489
20131225 -0.04502
20131226 -0.04516
20131227 -0.04529
20131228 -0.04542
20131229 -0.04556
20131230 -0.04569
20131231 -0.04583
20140101 -0.04597
20140102 -0.04610
20140103 -0.04624
20140104 -0.04637
20140105 -0.04651
20140106 -0.04664
20140107 -0.04678
20140108 -0.04692
20140109 -0.04706
20140110 -0.04719
20140111 -0.04733
20140112 -0.04747
20140113 -0.04761
20140114 -0.04775
20140115 -0.04788
20140116 -0.04802
20140117 -0.04816
20140118 -0.04830
20140119 -0.04844
20140120 -0.04858
20140121 -0.04872
20140122 -0.04886
20140123 -0.04901
20140124 -0.04915
20140125 -0.04929
20140126 -0.04943
20140127 -0.04958
20140128 -0.04972
20140129 -0.04986
20140130 -0.05001
20140131 -0.05015
20140201 -0.05030
20140202 -0.05044
20140203 -0.05059
20140204 -0.05073
20140205 -0.05088
20140206 -0.05103
20140207 -0.05117
20140208 -0.05132
20140209 -0.05147
20140210 -0.05162
20140211 -0.05177
20140212 -0.05192
20140213 -0.05207
20140214 -0.05222
20140215 -0.05237
20140216 -0.05252
20140217 -0.05267
20140218 -0.05283
20140219 -0.05298
20140220 -0.05313
20140221 -0.05329
20140222 -0.05344
20140223 -0.05360
20140224 -0.05375
20140225 -0.05391
20140226 -0.05406
20140227 -0.05422
20140228 -0.05438
20140301 -0.05454
20140302 -0.05470
20140303 -0.05486
20140304 -0.05502
20140305 -0.05518
20140306 -0.05534
20140307 -0.05550
20140308 -0.05566
20140309 -0.05582
20140310 -0.05599
20140311 -0.05615
20140312 -0.05632
20140313 -0.05648
20140314 -0.05665
20140315 -0.05681
20140316 -0.05698
20140317 -0.05715
20140318 -0.05732
20140319 -0.05748
20140320 -0.05765
20140321 -0.05782
20140322 -0.05799
20140323 -0.05817
20140324 -0.05834
20140325 -0.05851
20140326 -0.05868
20140327 -0.05886
20140328 -0.05903
20140329 -0.05921
20140330 -0.05938
20140331 -0.05956
20140401 -0.05973
20140402 -0.05991
20140403 -0.06009
20140404 -0.06027
20140405 -0.06045
20140406 -0.06063
20140407 -0.06081
20140408 -0.06099
20140409 -0.06117
20140410 -0.06135
20140411 -0.06154
20140412 -0.06172
20140413 -0.06191
20140414 -0.06209
20140415 -0.06228
20140416 -0.06247
20140417 -0.06265
20140418 -0.06284
20140419 -0.06303
20140420 -0.06322
20140421 -0.06341
20140422 -0.06360
20140423 -0.06379
20140424 -0.06398
20140425 -0.06418
20140426 -0.06437
20140427 -0.06457
20140428 -0.06476
20140429 -0.06496
20140430 -0.06515
20140501 -0.06535
20140502 -0.06555
20140503 -0.06575
20140504 -0.06595
20140505 -0.06615
20140506 -0.06635
20140507 -0.06655
20140508 -0.06675
20140509 -0.06695
20140510 -0.06716
20140511 -0.06736
20140512 -0.06757
20140513 -0.06777
20140514 -0.06798
20140515 -0.06818
20140516 -0.06839
20140517 -0.06860
20140518 -0.06881
20140519 -0.06902
20140520 -0.06923
20140521 -0.06944
20140522 -0.06965
20140523 -0.06987
20140524 -0.07008
20140525 -0.07029
20140526 -0.07051
20140527 -0.07073
20140528 -0.07094
20140529 -0.07116
20140530 -0.07138
20140531 -0.07160
20140601 -0.07181
20140602 -0.07203
20140603 -0.07226
20140604 -0.07248
20140605 -0.07270
20140606 -0.07292
20140607 -0.07315
20140608 -0.07337
20140609 -0.07359
20140610 -0.07382
20140611 -0.07405
20140612 -0.07427
20140613 -0.07450
20140614 -0.07473
20140615 -0.07496
20140616 -0.07519
20140617 -0.07542
20140618 -0.07565
20140619 -0.07588
20140620 -0.07612
20140621 -0.07635
20140622 -0.07658
20140623 -0.07682
20140624 -0.07706
20140625 -0.07729
20140626 -0.07753
20140627 -0.07777
20140628 -0.07801
20140629 -0.07824
20140630 -0.07848
20140701 -0.07872
20140702 -0.07897
20140703 -0.07921
20140704 -0.07945
20140705 -0.07969
20140706 -0.07994
20140707 -0.08018
20140708 -0.08043
20140709 -0.08067
20140710 -0.08092
20140711 -0.08117
20140712 -0.08142
20140713 -0.08166
20140714 -0.08191
20140715 -0.08216
20140716 -0.08241
20140717 -0.08267
20140718 -0.08292
20140719 -0.08317
20140720 -0.08342
20140721 -0.08368
20140722 -0.08393
20140723 -0.08419
20140724 -0.08444
20140725 -0.08470
20140726 -0.08496
20140727 -0.08522
20140728 -0.08547
20140729 -0.08573
20140730 -0.08599
20140731 -0.08625
20140801 -0.08652
20140802 -0.08678
20140803 -0.08704
20140804 -0.08730
20140805 -0.08757
20140806 -0.08783
20140807 -0.08810
20140808 -0.08836
20140809 -0.08863
20140810 -0.08889
20140811 -0.08916
20140812 -0.08943
20140813 -0.08970
20140814 -0.08997
20140815 -0.09024
20140816 -0.09051
20140817 -0.09078
20140818 -0.09105
20140819 -0.09132
20140820 -0.09159
20140821 -0.09187
20140822 -0.09214
20140823 -0.09241
20140824 -0.09269
20140825 -0.09296
20140826 -0.09324
20140827 -0.09352
20140828 -0.09379
20140829 -0.09407
20140830 -0.09435
20140831 -0.09463
20140901 -0.09491
20140902 -0.09518
20140903 -0.09546
20140904 -0.09575
20140905 -0.09603
20140906 -0.09631
20140907 -0.09659
20140908 -0.09687
20140909 -0.09716
20140910 -0.09744
20140911 -0.09772
20140912 -0.09801
20140913 -0.09829
20140914 -0.09858
20140915 -0.09886
20140916 -0.09915
20140917 -0.09944
20140918 -0.09972
20140919 -0.10001
20140920 -0.10030
20140921 -0.10059
20140922 -0.10088
20140923 -0.10117
20140924 -0.10146
20140925 -0.10175
20140926 -0.10204
20140927 -0.10233
20140928 -0.10262
20140929 -0.10291
20140930 -0.10321
20141001 -0.10350
20141002 -0.10379
20141003 -0.10409
20141004 -0.10438
20141005 -0.10467
20141006 -0.10497
20141007 -0.10526
20141008 -0.10556
20141009 -0.10585
20141010 -0.10615
20141011 -0.10645
20141012 -0.10674
20141013 -0.10704
20141014 -0.10734
20141015 -0.10763
20141016 -0.10793
20141017 -0.10823
20141018 -0.10853
20141019 -0.10883
20141020 -0.10913
20141021 -0.10943
20141022 -0.10973
20141023 -0.11003
20141024 -0.11033
20141025 -0.11063
20141026 -0.11093
20141027 -0.11123
20141028 -0.11153
20141029 -0.11183
20141030 -0.11213
20141031 -0.11243
20141101 -0.11274
20141102 -0.11304
20141103 -0.11334
20141104 -0.11364
20141105 -0.11395
20141106 -0.11425
20141107 -0.11455
20141108 -0.11486
20141109 -0.11516
20141110 -0.11546
20141111 -0.11577
20141112 -0.11607
20141113 -0.11637
20141114 -0.11668
20141115 -0.11698
20141116 -0.11729
20141117 -0.11759
20141118 -0.11790
20141119 -0.11820
20141120 -0.11851
20141121 -0.11881
20141122 -0.11912
20141123 -0.11942
20141124 -0.11973
20141125 -0.12003
20141126 -0.12034
20141127 -0.12064
20141128 -0.12095
20141129 -0.12125
20141130 -0.12156
20141201 -0.12186
20141202 -0.12217
20141203 -0.12247
20141204 -0.12278
20141205 -0.12308
20141206 -0.12339
20141207 -0.12369
20141208 -0.12400
20141209 -0.12430
20141210 -0.12461
20141211 -0.12491
20141212 -0.12522
20141213 -0.12552
20141214 -0.12583
20141215 -0.12613
20141216 -0.12644
20141217 -0.12674
20141218 -0.12704
20141219 -0.12735
20141220 -0.12765
20141221 -0.12796
20141222 -0.12826
20141223 -0.12856
20141224 999999.00000
20141225 -0.12917
20141226 -0.12947
20141227 -0.12977
20141228 -0.13008
20141229 -0.13038
20141230 -0.13068
20141231 -0.13098
20150101 -0.13129
20150102 -0.13159
20150103 -0.13189
20150104 -0.13219
20150105 -0.13249
20150106 -0.13279
20150107 -0.13309
20150108 -0.13339
20150109 -0.13369
20150110 -0.13399
20150111 -0.13429
20150112 -0.13458
20150113 -0.13488
20150114 -0.13518
20150115 -0.13548
20150116 -0.13578
20150117 -0.13607
20150118 -0.13637
20150119 -0.13666
20150120 -0.13696
20150121 -0.13725
20150122 -0.13755
20150123 -0.13784
20150124 -0.13814
20150125 -0.13843
20150126 -0.13872
20150127 -0.13902
20150128 -0.13931
20150129 -0.13960
20150130 -0.13989
20150131 -0.14018
20150201 -0.14047
20150202 -0.14076
20150203 -0.14105
20150204 -0.14134
20150205 -0.14163
20150206 -0.14192
20150207 -0.14220
20150208 -0.14249
20150209 -0.14277
20150210 -0.14306
20150211 -0.14334
20150212 -0.14363
20150213 -0.14391
20150214 -0.14419
20150215 -0.14448
20150216 -0.14476
20150217 -0.14504
20150218 -0.14532
20150219 -0.14560
20150220 -0.14588
20150221 -0.14616
20150222 -0.14643
20150223 -0.14671
20150224 -0.14699
20150225 -0.14726
20150226 -0.14754
20150227 -0.14781
20150228 -0.14808
20150301 -0.14836
20150302 -0.14863
20150303 -0.14890
20150304 -0.14917
20150305 -0.14944
20150306 -0.14971
20150307 -0.14998
20150308 -0.15024
20150309 -0.15051
20150310 -0.15078
20150311 -0.15104
20150312 -0.15130
20150313 -0.15157
20150314 -0.15183
20150315 -0.15209
20150316 -0.15235
20150317 -0.15261
20150318 -0.15287
20150319 -0.15313
20150320 -0.15338
20150321 -0.15364
20150322 -0.15389
20150323 -0.15415
20150324 -0.15440
20150325 -0.15465
20150326 -0.15490
20150327 -0.15515
20150328 -0.15540
20150329 -0.15565
20150330 -0.15590
20150331 -0.15614
20150401 -0.15639
20150402 -0.15663
20150403 -0.15688
20150404 -0.15712
20150405 -0.15736
20150406 -0.15760
20150407 -0.15784
20150408 -0.15807
20150409 -0.15831
20150410 -0.15855
20150411 -0.15878
20150412 -0.15901
20150413 -0.15925
20150414 -0.15948
20150415 -0.15971
20150416 -0.15994
20150417 -0.16016
20150418 -0.16039
20150419 -0.16062
20150420 -0.16084
20150421 -0.16106
20150422 -0.16129
20150423 -0.16151
20150424 -0.16173
20150425 -0.16194
20150426 -0.16216
20150427 -0.16238
20150428 -0.16259
20150429 -0.16281
20150430 -0.16302
20150501 -0.16323
20150502 -0.16344
20150503 -0.16365
20150504 -0.16385
20150505 -0.16406
20150506 -0.16426
20150507 -0.16447
20150508 -0.16467
20150509 -0.16487
20150510 -0.16507
20150511 -0.16527
20150512 -0.16546
20150513 -0.16566
20150514 -0.16585
20150515 -0.16605
20150516 -0.16624
20150517 -0.16643
20150518 -0.16662
20150519 -0.16680
20150520 -0.16699
20150521 -0.16717
20150522 -0.16736
20150523 -0.16754
20150524 -0.16772
20150525 -0.16790
20150526 -0.16807
20150527 -0.16825
20150528 -0.16842
20150529 -0.16860
20150530 -0.16877
20150531 -0.16894
20150601 -0.16911
20150602 -0.16928
20150603 -0.16944
20150604 -0.16961
20150605 -0.16977
20150606 -0.16993
20150607 -0.17009
20150608 -0.17025
20150609 -0.17041
20150610 -0.17056
20150611 -0.17072
20150612 -0.17087
20150613 -0.17102
20150614 -0.17117
20150615 -0.17132
20150616 -0.17146
20150617 -0.17161
20150618 -0.17175
20150619 -0.17189
20150620 -0.17203
20150621 -0.17217
20150622 -0.17231
20150623 -0.17244
20150624 -0.17258
20150625 -0.17271
20150626 -0.17284
20150627 -0.17297
20150628 -0.17310
20150629 -0.17322
20150630 -0.17335
20150701 -0.17347
20150702 -0.17359
20150703 -0.17371
20150704 -0.17383
20150705 -0.17395
20150706 -0.17406
20150707 -0.17418
20150708 -0.17429
20150709 -0.17440
20150710 -0.17451
20150711 -0.17461
20150712 -0.17472
20150713 -0.17482
20150714 -0.17492
20150715 -0.17502
20150716 -0.17512
20150717 -0.17522
20150718 -0.17532
20150719 -0.17541
20150720 -0.17550
20150721 -0.17559
20150722 -0.17568
20150723 -0.17577
20150724 -0.17585
20150725 -0.17594
20150726 -0.17602
20150727 -0.17610
20150728 -0.17618
20150729 -0.17625
20150730 -0.17633
20150731 -0.17640
20150801 -0.17647
20150802 -0.17654
20150803 -0.17661
20150804 -0.17668
20150805 -0.17674
20150806 -0.17681
20150807 -0.17687
20150808 -0.17693
20150809 -0.17698
20150810 -0.17704
20150811 -0.17709
20150812 -0.17715
20150813 -0.17720
20150814 -0.17725
20150815 -0.17730
20150816 -0.17734
20150817 -0.17739
20150818 -0.17743
20150819 -0.17747
20150820 -0.17751
20150821 -0.17754
20150822 -0.17758
20150823 -0.17761
20150824 -0.17764
20150825 -0.17767
20150826 -0.17770
20150827 -0.17773
20150828 -0.17775
20150829 -0.17777
20150830 -0.17780
20150831 -0.17781
20150901 -0.17783
20150902 -0.17785
20150903 -0.17786
20150904 -0.17787
20150905 -0.17788
20150906 -0.17789
20150907 -0.17790
20150908 -0.17790
20150909 -0.17790
20150910 -0.17791
20150911 -0.17790
20150912 -0.17790
20150913 -0.17790
20150914 -0.17789
20150915 -0.17788
20150916 -0.17787
20150917 -0.17786
20150918 -0.17785
20150919 -0.17783
20150920 -0.17781
20150921 -0.17779
20150922 -0.17777
20150923 -0.17775
20150924 -0.17772
20150925 -0.17770
20150926 -0.17767
20150927 -0.17764
20150928 -0.17761
20150929 -0.17757
20150930 -0.17753
20151001 -0.17750
20151002 -0.17746
20151003 -0.17741
20151004 -0.17737
20151005 -0.17732
20151006 -0.17728
20151007 -0.17723
20151008 -0.17717
20151009 -0.17712
20151010 -0.17707
20151011 -0.17701
20151012 -0.17695
20151013 -0.17689
20151014 -0.17682
20151015 -0.17676
20151016 -0.17669
20151017 -0.17662
20151018 -0.17655
20151019 -0.17648
20151020 -0.17640
20151021 -0.17633
20151022 -0.17625
20151023 -0.17617
20151024 -0.17608
20151025 -0.17600
20151026 -0.17591
20151027 -0.17582
20151028 -0.17573
20151029 -0.17564
20151030 -0.17555
20151031 -0.17545
20151101 -0.17535
20151102 -0.17525
20151103 -0.17515
20151104 -0.17504
20151105 -0.17494
20151106 -0.17483
20151107 -0.17472
20151108 -0.17460
20151109 -0.17449
20151110 -0.17437
20151111 -0.17425
20151112 -0.17413
20151113 -0.17401
20151114 -0.17389
20151115 -0.17376
20151116 -0.17363
20151117 -0.17350
20151118 -0.17337
20151119 -0.17323
20151120 -0.17310
20151121 -0.17296
20151122 -0.17282
20151123 -0.17267
20151124 -0.17253
20151125 -0.17238
20151126 -0.17223
20151127 -0.17208
20151128 -0.17193
20151129 -0.17177
20151130 -0.17162
20151201 -0.17146
20151202 -0.17130
20151203 -0.17113
20151204 -0.17097
20151205 -0.17080
20151206 -0.17063
20151207 -0.17046
20151208 -0.17029
20151209 -0.17011
20151210 -0.16994
20151211 -0.16976
20151212 -0.16958
20151213 -0.16939
20151214 -0.16921
20151215 -0.16902
20151216 -0.16883
20151217 -0.16864
20151218 -0.16845
20151219 -0.16825
20151220 -0.16806
20151221 -0.16786
20151222 -0.16766
20151223 -0.16746
20151224 -0.16725
20151225 -0.16705
20151226 -0.16684
20151227 -0.16663
20151228 -0.16642
20151229 -0.16620
20151230 -0.16599
20151231 -0.16577
20160101 -0.16555
20160102 -0.16533
20160103 -0.16511
20160104 -0.16488
20160105 -0.16466
20160106 -0.16443
20160107 -0.16420
20160108 -0.16397
20160109 -0.16374
20160110 -0.16350
20160111 -0.16326
20160112 -0.16303
20160113 -0.16279
20160114 -0.16254
20160115 -0.16230
20160116 -0.16206
20160117 -0.16181
20160118 -0.16156
20160119 -0.16131
20160120 -0.16106
20160121 -0.16081
20160122 -0.16055
20160123 -0.16030
20160124 -0.16004
20160125 -0.15978
20160126 -0.15952
20160127 -0.15926
20160128 -0.15900
20160129 -0.15873
20160130 -0.15847
20160131 -0.15820
20160201 -0.15793
20160202 -0.15766
20160203 -0.15739
20160204 -0.15712
20160205 -0.15684
20160206 -0.15657
20160207 -0.15629
20160208 -0.15602
20160209 -0.15574
20160210 -0.15546
20160211 -0.15518
20160212 -0.15490
20160213 -0.15461
20160214 -0.15433
20160215 -0.15404
20160216 -0.15376
20160217 -0.15347
20160218 -0.15318
20160219 -0.15289
20160220 -0.15260
20160221 -0.15231
20160222 -0.15202
20160223 -0.15173
20160224 -0.15143
20160225 -0.15114
20160226 -0.15084
20160227 -0.15054
20160228 -0.15025
20160229 -0.14995
20160301 -0.14965
20160302 -0.14935
20160303 -0.14905
20160304 -0.14875
20160305 -0.14845
20160306 -0.14814
20160307 -0.14784
20160308 -0.14753
20160309 -0.14723
20160310 -0.14692
20160311 -0.14662
20160312 -0.14631
20160313 -0.14600
20160314 -0.14570
20160315 -0.14539
20160316 -0.14508
20160317 -0.14477
20160318 -0.14446
20160319 -0.14415
20160320 -0.14384
20160321 -0.14352
20160322 -0.14321
20160323 -0.14290
20160324 -0.14259
20160325 -0.14227
20160326 -0.14196
20160327 -0.14164
20160328 -0.14133
20160329 -0.14101
20160330 -0.14070
20160331 -0.14038
20160401 -0.14007
20160402 -0.13975
20160403 -0.13943
20160404 -0.13911
20160405 -0.13880
20160406 -0.13848
20160407 -0.13816
20160408 -0.13784
20160409 -0.13752
20160410 -0.13720
20160411 -0.13689
20160412 -0.13657
20160413 -0.13625
20160414 -0.13593
20160415 -0.13561
20160416 -0.13529
20160417 -0.13497
20160418 -0.13465
20160419 -0.13432
20160420 -0.13400
20160421 -0.13368
20160422 -0.13336
20160423 -0.13304
20160424 -0.13272
20160425 -0.13240
20160426 -0.13207
20160427 -0.13175
20160428 -0.13143
20160429 -0.13111
20160430 -0.13079
20160501 -0.13046
20160502 -0.13014
20160503 -0.12982
20160504 -0.12950
20160505 -0.12918
20160506 -0.12885
20160507 -0.12853
20160508 -0.12821
20160509 -0.12789
20160510 -0.12756
20160511 -0.12724
20160512 -0.12692
20160513 -0.12660
20160514 -0.12628
20160515 -0.12595
20160516 -0.12563
20160517 -0.12531
20160518 -0.12499
20160519 -0.12466
20160520 -0.12434
20160521 -0.12402
20160522 -0.12370
20160523 -0.12338
20160524 -0.12306
20160525 -0.12273
20160526 -0.12241
20160527 -0.12209
20160528 -0.12177
20160529 -0.12145
20160530 -0.12113
20160531 -0.12081
20160601 -0.12049
20160602 -0.12017
20160603 -0.11985
20160604 -0.11953
20160605 -0.11921
20160606 -0.11889
20160607 -0.11857
20160608 -0.11825
20160609 -0.11793
20160610 -0.11761
20160611 -0.11729
20160612 -0.11697
20160613 -0.11665
20160614 -0.11633
20160615 -0.11601
20160616 -0.11570
20160617 -0.11538
20160618 -0.11506
20160619 -0.11474
20160620 -0.11443
20160621 -0.11411
20160622 -0.11379
20160623 -0.11348
20160624 -0.11316
20160625 -0.11284
20160626 -0.11253
20160627 -0.11221
20160628 -0.11190
20160629 -0.11158
20160630 -0.11127
20160701 -0.11095
20160702 -0.11064
20160703 -0.11032
20160704 -0.11001
20160705 -0.10969
20160706 -0.10938
20160707 -0.10907
20160708 -0.10876
20160709 -0.10844
20160710 -0.10813
20160711 -0.10782
20160712 -0.10751
20160713 -0.10720
20160714 -0.10688
20160715 -0.10657
20160716 -0.10626
20160717 -0.10595
20160718 -0.10564
20160719 -0.10533
20160720 -0.10502
20160721 -0.10471
20160722 -0.10441
20160723 -0.10410
20160724 -0.10379
20160725 -0.10348
20160726 -0.10317
20160727 -0.10287
20160728 -0.10256
20160729 -0.10225
20160730 -0.10195
20160731 -0.10164
20160801 -0.10134
20160802 -0.10103
20160803 -0.10073
20160804 -0.10042
20160805 -0.10012
20160806 -0.09981
20160807 -0.09951
20160808 -0.09921
20160809 -0.09890
20160810 -0.09860
20160811 -0.09830
20160812 -0.09800
20160813 -0.09770
20160814 -0.09739
20160815 -0.09709
20160816 -0.09679
20160817 -0.09649
20160818 -0.09619
20160819 -0.09589
20160820 -0.09560
20160821 -0.09530
20160822 -0.09500
20160823 -0.09470
20160824 -0.09440
20160825 -0.09411
20160826 -0.09381
20160827 -0.09351
20160828 -0.09322
20160829 -0.09292
20160830 -0.09262
20160831 -0.09233
20160901 -0.09203
20160902 -0.09174
20160903 -0.09145
20160904 -0.09115
20160905 -0.09086
20160906 -0.09057
20160907 -0.09027
20160908 -0.08998
20160909 -0.08969
20160910 -0.08940
20160911 -0.08911
20160912 -0.08882
20160913 -0.08853
20160914 -0.08824
20160915 -0.08795
20160916 -0.08766
20160917 -0.08737
20160918 -0.08708
20160919 -0.08679
20160920 -0.08650
20160921 -0.08622
20160922 -0.08593
20160923 -0.08564
20160924 -0.08536
20160925 -0.08507
20160926 -0.08479
20160927 -0.08450
20160928 -0.08422
20160929 -0.08393
20160930 -0.08365
20161001 -0.08336
20161002 -0.08308
20161003 -0.08280
20161004 -0.08251
20161005 -0.08223
20161006 -0.08195
20161007 -0.08167
20161008 -0.08139
20161009 -0.08111
20161010 -0.08083
20161011 -0.08055
20161012 -0.08027
20161013 -0.07999
20161014 -0.07971
20161015 -0.07943
20161016 -0.07915
20161017 -0.07887
20161018 -0.07860
20161019 -0.07832
20161020 -0.07804
20161021 -0.07776
20161022 -0.07749
20161023 -0.07721
20161024 -0.07694
20161025 -0.07666
20161026 -0.07639
20161027 -0.07611
20161028 -0.07584
20161029 -0.07556
20161030 -0.07529
20161031 -0.07502
20161101 -0.07474
20161102 -0.07447
20161103 -0.07420
20161104 -0.07393
20161105 -0.07366
20161106 -0.07338
20161107 -0.07311
20161108 -0.07284
20161109 -0.07257
20161110 -0.07230
20161111 -0.07203
20161112 -0.07176
20161113 -0.07149
20161114 -0.07122
20161115 -0.07096
20161116 -0.07069
20161117 -0.07042
20161118 -0.07015
20161119 -0.06989
20161120 -0.06962
20161121 -0.06935
20161122 -0.06908
20161123 -0.06882
20161124 -0.06855
20161125 -0.06829
20161126 -0.06802
20161127 -0.06776
20161128 -0.06749
20161129 -0.06723
20161130 -0.06696
20161201 -0.06670
20161202 -0.06643
20161203 -0.06617
20161204 -0.06591
20161205 -0.06564
20161206 -0.06538
20161207 -0.06512
20161208 -0.06486
20161209 -0.06459
20161210 -0.06433
20161211 -0.06407
20161212 -0.06381
20161213 -0.06355
20161214 -0.06329
20161215 -0.06302
20161216 -0.06276
20161217 -0.06250
20161218 -0.06224
20161219 -0.06198
20161220 -0.06172
20161221 -0.06146
20161222 -0.06120
20161223 -0.06094
20161224 -0.06068
20161225 -0.06042
20161226 -0.06016
20161227 -0.05991
20161228 -0.05965
20161229 -0.05939
20161230 -0.05913
20161231 -0.05887
20170101 -0.05861
20170102 -0.05835
20170103 -0.05809
20170104 -0.05784
20170105 -0.05758
20170106 -0.05732
20170107 -0.05706
20170108 -0.05680
20170109 -0.05655
20170110 -0.05629
20170111 -0.05603
20170112 -0.05577
20170113 -0.05552
20170114 -0.05526
20170115 -0.05500
20170116 -0.05474
20170117 -0.05449
20170118 -0.05423
20170119 -0.05397
20170120 -0.05371
20170121 -0.05345
20170122 -0.05320
20170123 -0.05294
20170124 -0.05268
20170125 -0.05242
20170126 -0.05216
20170127 -0.05191
20170128 -0.05165
20170129 -0.05139
20170130 -0.05113
20170131 -0.05087
20170201 -0.05061
20170202 -0.05035
20170203 -0.05009
20170204 -0.04983
20170205 -0.04957
20170206 -0.04931
20170207 -0.04905
20170208 -0.04879
20170209 -0.04853
20170210 -0.04827
20170211 -0.04801
20170212 -0.04775
20170213 -0.04749
20170214 -0.04723
20170215 -0.04696
20170216 -0.04670
20170217 -0.04644
20170218 -0.04617
20170219 -0.04591
20170220 -0.04565
20170221 -0.04538
20170222 -0.04512
20170223 -0.04485
20170224 -0.04458
20170225 -0.04432
20170226 -0.04405
20170227 -0.04378
20170228 -0.04352
20170301 -0.04325
20170302 -0.04298
20170303 -0.04271
20170304 -0.04244
20170305 -0.04217
20170306 -0.04190
20170307 -0.04163
20170308 -0.04135
20170309 -0.04108
20170310 -0.04081
20170311 -0.04053
20170312 -0.04026
20170313 -0.03999
20170314 -0.03971
20170315 -0.03943
20170316 -0.03916
20170317 -0.03888
20170318 -0.03860
20170319 -0.03832
20170320 -0.03804
20170321 -0.03776
20170322 -0.03748
20170323 -0.03720
20170324 -0.03692
20170325 -0.03664
20170326 -0.03635
20170327 -0.03607
20170328 -0.03578
20170329 -0.03550
20170330 -0.03521
20170331 -0.03493
20170401 -0.03464
20170402 -0.03435
20170403 -0.03406
20170404 -0.03378
20170405 -0.03349
20170406 -0.03320
20170407 -0.03291
20170408 -0.03261
20170409 -0.03232
20170410 -0.03203
20170411 -0.03174
20170412 -0.03145
20170413 -0.03115
20170414 -0.03086
20170415 -0.03056
20170416 -0.03027
20170417 -0.02997
20170418 -0.02968
20170419 -0.02938
20170420 -0.02909
20170421 -0.02879
20170422 -0.02849
20170423 -0.02819
20170424 -0.02790
20170425 -0.02760
20170426 -0.02730
20170427 -0.02700
20170428 -0.02670
20170429 -0.02640
20170430 -0.02610
20170501 -0.02580
20170502 -0.02550
20170503 -0.02520
20170504 -0.02490
20170505 -0.02460
20170506 -0.02429
20170507 -0.02399
20170508 -0.02369
20170509 -0.02339
20170510 -0.02309
20170511 -0.02278
20170512 -0.02248
20170513 -0.02218
20170514 -0.02188
20170515 -0.02157
20170516 -0.02127
20170517 -0.02097
20170518 -0.02067
20170519 -0.02036
20170520 -0.02006
20170521 -0.01976
20170522 -0.01945
20170523 -0.01915
20170524 -0.01885
20170525 -0.01854
20170526 -0.01824
20170527 -0.01794
20170528 -0.01763
20170529 -0.01733
20170530 -0.01703
20170531 -0.01673
20170601 -0.01642
20170602 -0.01612
20170603 -0.01582
20170604 -0.01552
20170605 -0.01521
20170606 -0.01491
20170607 -0.01461
20170608 -0.01431
20170609 -0.01401
20170610 -0.01371
20170611 -0.01341
20170612 -0.01310
20170613 -0.01280
20170614 -0.01250
20170615 -0.01220
20170616 -0.01190
20170617 -0.01160
20170618 -0.01131
20170619 -0.01101
20170620 -0.01071
20170621 -0.01041
20170622 -0.01011
20170623 -0.00981
20170624 -0.00952
20170625 -0.00922
20170626 -0.00892
20170627 -0.00863
20170628 -0.00833
20170629 -0.00804
20170630 -0.00774
20170701 -0.00745
20170702 -0.00716
20170703 -0.00686
20170704 -0.00657
20170705 -0.00628
20170706 -0.00598
20170707 -0.00569
20170708 -0.00540
20170709 -0.00511
20170710 -0.00482
20170711 -0.00453
20170712 -0.00424
20170713 -0.00396
20170714 -0.00367
20170715 -0.00338
20170716 -0.00309
20170717 -0.00281
20170718 -0.00252
20170719 -0.00224
20170720 -0.00195
20170721 -0.00167
20170722 -0.00139
20170723 -0.00111
20170724 -0.00082
20170725 -0.00054
20170726 -0.00026
20170727 0.00002
20170728 0.00029
20170729 0.00057
20170730 0.00085
20170731 0.00113
20170801 0.00140
20170802 0.00168
20170803 0.00195
20170804 0.00223
20170805 0.00250
20170806 0.00277
20170807 0.00304
20170808 0.00331
20170809 0.00358
20170810 0.00385
20170811 0.00412
20170812 0.00439
20170813 0.00465
20170814 0.00492
20170815 0.00518
20170816 0.00545
20170817 0.00571
20170818 0.00597
20170819 0.00624
20170820 0.00650
20170821 0.00676
20170822 0.00701
20170823 0.00727
20170824 0.00753
20170825 0.00779
20170826 0.00804
20170827 0.00830
20170828 0.00855
20170829 0.00880
20170830 0.00905
20170831 0.00930
20170901 0.00955
20170902 0.00980
20170903 0.01005
20170904 0.01030
20170905 0.01054
20170906 0.01079
20170907 0.01103
20170908 0.01128
20170909 0.01152
20170910 0.01176
20170911 0.01200
20170912 0.01224
20170913 0.01248
20170914 0.01271
20170915 0.01295
20170916 0.01319
20170917 0.01342
20170918 0.01365
20170919 0.01389
20170920 0.01412
20170921 0.01435
20170922 0.01458
20170923 0.01480
20170924 0.01503
20170925 0.01526
20170926 0.01548
20170927 0.01570
20170928 0.01593
20170929 0.01615
20170930 0.01637
20171001 0.01659
20171002 0.01681
20171003 0.01702
20171004 0.01724
20171005 0.01746
20171006 0.01767
20171007 0.01788
20171008 0.01809
20171009 0.01830
20171010 0.01851
20171011 0.01872
20171012 0.01893
20171013 0.01914
20171014 0.01934
20171015 0.01955
20171016 0.01975
20171017 0.01995
20171018 0.02015
20171019 0.02035
20171020 0.02055
20171021 0.02074
20171022 0.02094
20171023 0.02114
20171024 0.02133
20171025 0.02152
20171026 0.02171
20171027 0.02190
20171028 0.02209
20171029 0.02228
20171030 0.02247
20171031 0.02265
20171101 0.02283
20171102 0.02302
20171103 0.02320
20171104 0.02338
20171105 0.02356
20171106 0.02374
20171107 0.02391
20171108 0.02409
20171109 0.02426
20171110 0.02444
20171111 0.02461
20171112 0.02478
20171113 0.02495
20171114 0.02512
20171115 0.02529
20171116 0.02545
20171117 0.02562
20171118 0.02578
20171119 0.02594
20171120 0.02610
20171121 0.02626
20171122 0.02642
20171123 0.02658
20171124 0.02674
20171125 0.02689
20171126 0.02704
20171127 0.02720
20171128 0.02735
20171129 0.02750
20171130 0.02765
20171201 0.02779
20171202 0.02794
20171203 0.02808
20171204 0.02823
20171205 0.02837
20171206 0.02851
20171207 0.02865
20171208 0.02879
20171209 0.02893
20171210 0.02906
20171211 0.02920
20171212 0.02933
20171213 0.02946
20171214 0.02959
20171215 0.02972
20171216 0.02985
20171217 0.02998
20171218 0.03010
20171219 0.03023
20171220 0.03035
20171221 0.03047
20171222 0.03059
20171223 0.03071
20171224 0.03083
20171225 0.03095
20171226 0.03106
20171227 0.03118
20171228 0.03129
20171229 0.03140
20171230 0.03151
20171231 0.03162
20180101 0.03173
20180102 0.03183
20180103 0.03194
20180104 0.03204
20180105 0.03214
20180106 0.03225
20180107 0.03235
20180108 0.03244
20180109 0.03254
20180110 0.03264
20180111 0.03273
20180112 0.03282
20180113 0.03292
20180114 0.03301
20180115 0.03310
20180116 0.03318
20180117 0.03327
20180118 0.03335
20180119 0.03344
20180120 0.03352
20180121 0.03360
20180122 0.03368
20180123 0.03376
20180124 0.03384
20180125 0.03391
20180126 0.03399
20180127 0.03406
20180128 0.03413
20180129 0.03420
20180130 0.03427
20180131 0.03434
20180201 0.03441
20180202 0.03447
20180203 0.03454
20180204 0.03460
20180205 0.03466
20180206 0.03472
20180207 0.03478
20180208 0.03484
20180209 0.03489
20180210 0.03495
20180211 0.03500
20180212 0.03505
20180213 0.03511
20180214 0.03515
20180215 0.03520
20180216 0.03525
20180217 0.03529
20180218 0.03534
20180219 0.03538
20180220 0.03542
20180221 0.03546
20180222 0.03550
20180223 0.03554
20180224 0.03558
20180225 0.03561
20180226 0.03564
20180227 0.03568
20180228 0.03571
20180301 0.03574
20180302 0.03576
20180303 0.03579
20180304 0.03582
20180305 0.03584
20180306 0.03586
20180307 0.03588
20180308 0.03591
20180309 0.03592
20180310 0.03594
20180311 0.03596
20180312 0.03597
20180313 0.03599
20180314 0.03600
20180315 0.03601
20180316 0.03602
20180317 0.03603
20180318 0.03603
20180319 0.03604
20180320 0.03604
20180321 0.03605
20180322 0.03605
20180323 0.03605
20180324 0.03605
20180325 0.03605
20180326 0.03604
20180327 0.03604
20180328 0.03603
20180329 0.03602
20180330 0.03602
20180331 0.03601
20180401 0.03599
20180402 0.03598
20180403 0.03597
20180404 0.03595
20180405 0.03594
20180406 0.03592
20180407 0.03590
20180408 0.03588
20180409 0.03586
20180410 0.03583
20180411 0.03581
20180412 0.03578
20180413 0.03576
20180414 0.03573
20180415 0.03570
20180416 0.03567
20180417 0.03564
20180418 0.03560
20180419 0.03557
20180420 0.03553
20180421 0.03549
20180422 0.03546
20180423 0.03542
20180424 0.03538
20180425 0.03533
20180426 0.03529
20180427 0.03524
20180428 0.03520
20180429 0.03515
20180430 0.03510
20180501 0.03505
20180502 0.03500
20180503 0.03495
20180504 0.03489
20180505 0.03484
20180506 0.03478
20180507 0.03473
20180508 0.03467
20180509 0.03461
20180510 0.03455
20180511 0.03448
20180512 0.03442
20180513 0.03435
20180514 0.03429
20180515 0.03422
20180516 0.03415
20180517 0.03408
20180518 0.03401
20180519 0.03394
20180520 0.03386
20180521 0.03379
20180522 0.03371
20180523 0.03364
20180524 0.03356
20180525 0.03348
20180526 0.03340
20180527 0.03331
20180528 0.03323
20180529 0.03315
20180530 0.03306
20180531 0.03297
20180601 0.03288
20180602 0.03279
20180603 0.03270
20180604 0.03261
20180605 0.03252
20180606 0.03242
20180607 0.03233
20180608 0.03223
20180609 0.03213
20180610 0.03203
20180611 0.03193
20180612 0.03183
20180613 0.03173
20180614 0.03163
20180615 0.03152
20180616 0.03141
20180617 0.03131
20180618 0.03120
20180619 0.03109
20180620 0.03098
20180621 0.03087
20180622 0.03075
20180623 0.03064
20180624 0.03052
20180625 0.03041
20180626 0.03029
20180627 0.03017
20180628 0.03005
20180629 0.02993
20180630 0.02980
20180701 0.02968
20180702 0.02956
20180703 0.02943
20180704 0.02930
20180705 0.02917
20180706 0.02904
20180707 0.02891
20180708 0.02878
20180709 0.02865
20180710 0.02852
20180711 0.02838
20180712 0.02824
20180713 0.02811
20180714 0.02797
20180715 0.02783
20180716 0.02769
20180717 0.02755
20180718 0.02740
20180719 0.02726
20180720 0.02712
20180721 0.02697
20180722 0.02682
20180723 0.02667
20180724 0.02653
20180725 0.02637
20180726 0.02622
20180727 0.02607
20180728 0.02592
20180729 0.02576
20180730 0.02561
20180731 0.02545
20180801 0.02529
20180802 0.02513
20180803 0.02497
20180804 0.02481
20180805 0.02465
20180806 0.02449
20180807 0.02432
20180808 0.02416
20180809 0.02399
20180810 0.02382
20180811 0.02365
20180812 0.02348
20180813 0.02331
20180814 0.02314
20180815 0.02297
20180816 0.02280
20180817 0.02262
20180818 0.02244
20180819 0.02227
20180820 0.02209
20180821 0.02191
20180822 0.02173
20180823 0.02155
20180824 0.02137
20180825 0.02119
20180826 0.02100
20180827 0.02082
20180828 0.02063
20180829 0.02044
20180830 0.02026
20180831 0.02007
20180901 0.01988
20180902 0.01969
20180903 0.01950
20180904 0.01930
20180905 0.01911
20180906 0.01891
20180907 0.01872
20180908 0.01852
20180909 0.01832
20180910 0.01812
20180911 0.01793
20180912 0.01772
20180913 0.01752
20180914 0.01732
20180915 0.01712
20180916 0.01691
20180917 0.01671
20180918 0.01650
20180919 0.01629
20180920 0.01609
20180921 0.01588
20180922 0.01567
20180923 0.01546
20180924 0.01524
20180925 0.01503
20180926 0.01482
20180927 0.01460
20180928 0.01439
20180929 0.01417
20180930 0.01395
20181001 0.01373
20181002 0.01352
20181003 0.01330
20181004 0.01307
20181005 0.01285
20181006 0.01263
20181007 0.01241
20181008 0.01218
20181009 0.01196
20181010 0.01173
20181011 0.01150
20181012 0.01127
20181013 0.01104
20181014 0.01081
20181015 0.01058
20181016 0.01035
20181017 0.01012
20181018 0.00989
20181019 0.00965
20181020 0.00942
20181021 0.00918
20181022 0.00894
20181023 0.00871
20181024 0.00847
20181025 0.00823
20181026 0.00799
20181027 0.00775
20181028 0.00750
20181029 0.00726
20181030 0.00702
20181031 0.00677
20181101 0.00653
20181102 0.00628
20181103 0.00603
20181104 0.00579
20181105 0.00554
20181106 0.00529
20181107 0.00504
20181108 0.00479
20181109 0.00454
20181110 0.00428
20181111 0.00403
20181112 0.00377
20181113 0.00352
20181114 0.00326
20181115 0.00301
20181116 0.00275
20181117 0.00249
20181118 0.00223
20181119 0.00197
20181120 0.00171
20181121 0.00145
20181122 0.00119
20181123 0.00093
20181124 0.00066
20181125 0.00040
20181126 0.00013
20181127 -0.00013
20181128 -0.00040
20181129 -0.00067
20181130 -0.00094
20181201 -0.00120
20181202 -0.00147
20181203 -0.00174
20181204 -0.00202
20181205 -0.00229
20181206 -0.00256
20181207 -0.00283
20181208 -0.00311
20181209 -0.00338
20181210 -0.00366
20181211 -0.00393
20181212 -0.00421
20181213 -0.00449
20181214 -0.00477
20181215 -0.00505
20181216 -0.00533
20181217 -0.00561
20181218 -0.00589
20181219 -0.00617
20181220 -0.00645
20181221 -0.00673
20181222 -0.00702
20181223 -0.00730
20181224 -0.00759
20181225 -0.00787
20181226 -0.00816
20181227 -0.00845
20181228 -0.00874
20181229 -0.00902
20181230 -0.00931
20181231 -0.00960
20190101 -0.00989
20190102 -0.01019
20190103 -0.01048
20190104 -0.01077
20190105 -0.01106
20190106 -0.01136
20190107 -0.01165
20190108 -0.01195
20190109 -0.01224
20190110 -0.01254
20190111 -0.01283
20190112 -0.01313
20190113 -0.01343
20190114 -0.01373
20190115 -0.01403
20190116 -0.01433
20190117 -0.01463
20190118 -0.01493
20190119 -0.01523
20190120 -0.01553
20190121 -0.01584
20190122 -0.01614
20190123 -0.01644
20190124 -0.01675
20190125 -0.01705
20190126 -0.01736
20190127 -0.01766
20190128 -0.01797
20190129 -0.01828
20190130 -0.01859
20190131 -0.01889
20190201 -0.01920
20190202 -0.01951
20190203 -0.01982
20190204 -0.02013
20190205 -0.02044
20190206 -0.02076
20190207 -0.02107
20190208 -0.02138
20190209 -0.02169
20190210 -0.02201
20190211 -0.02232
20190212 -0.02264
20190213 -0.02295
20190214 -0.02327
20190215 -0.02358
20190216 -0.02390
20190217 -0.02422
20190218 -0.02453
20190219 -0.02485
20190220 -0.02517
20190221 -0.02549
20190222 -0.02581
20190223 -0.02613
20190224 -0.02645
20190225 -0.02677
20190226 -0.02709
20190227 -0.02741
20190228 -0.02773
20190301 -0.02806
20190302 -0.02838
20190303 -0.02870
20190304 -0.02903
20190305 -0.02935
20190306 -0.02968
20190307 -0.03000
20190308 -0.03033
20190309 -0.03065
20190310 -0.03098
20190311 -0.03130
20190312 -0.03163
20190313 -0.03196
20190314 -0.03229
20190315 -0.03261
20190316 -0.03294
20190317 -0.03327
20190318 -0.03360
20190319 -0.03393
20190320 -0.03426
20190321 -0.03459
20190322 -0.03492
20190323 -0.03525
20190324 -0.03558
20190325 -0.03591
20190326 -0.03625
20190327 -0.03658
20190328 -0.03691
20190329 -0.03724
20190330 -0.03758
20190331 -0.03791
20190401 -0.03824
20190402 -0.03858
20190403 -0.03891
20190404 -0.03925
20190405 -0.03958
20190406 -0.03992
20190407 -0.04025
20190408 -0.04059
20190409 -0.04092
20190410 -0.04126
20190411 -0.04160
20190412 -0.04193
20190413 -0.04227
20190414 -0.04261
20190415 -0.04294
20190416 -0.04328
20190417 -0.04362
20190418 -0.04396
20190419 -0.04429
20190420 -0.04463
20190421 -0.04497
20190422 -0.04531
20190423 -0.04565
20190424 -0.04599
20190425 -0.04633
20190426 -0.04667
20190427 -0.04701
20190428 -0.04735
20190429 -0.04769
20190430 -0.04803
20190501 -0.04837
20190502 -0.04871
20190503 -0.04905
20190504 -0.04939
20190505 -0.04973
20190506 -0.05007
20190507 -0.05041
20190508 -0.05075
20190509 -0.05109
20190510 -0.05143
20190511 -0.05178
20190512 -0.05212
20190513 -0.05246
20190514 -0.05280
20190515 -0.05314
20190516 -0.05348
20190517 -0.05382
20190518 -0.05417
20190519 -0.05451
20190520 -0.05485
20190521 -0.05519
20190522 -0.05553
20190523 -0.05588
20190524 -0.05622
20190525 -0.05656
20190526 -0.05690
20190527 -0.05724
20190528 -0.05759
20190529 -0.05793
20190530 -0.05827
20190531 -0.05861
20190601 -0.05895
20190602 -0.05929
20190603 -0.05963
20190604 -0.05998
20190605 -0.06032
20190606 -0.06066
20190607 -0.06100
20190608 -0.06134
20190609 -0.06168
20190610 -0.06202
20190611 -0.06236
20190612 -0.06270
20190613 -0.06304
20190614 -0.06338
20190615 -0.06372
20190616 -0.06406
20190617 -0.06440
20190618 -0.06474
20190619 -0.06507
20190620 -0.06541
20190621 -0.06575
20190622 -0.06609
20190623 -0.06642
20190624 -0.06676
20190625 -0.06709
20190626 -0.06743
20190627 -0.06776
20190628 -0.06810
20190629 -0.06843
20190630 -0.06876
20190701 -0.06909
20190702 -0.06942
20190703 -0.06975
20190704 -0.07008
20190705 -0.07041
20190706 -0.07073
20190707 -0.07106
20190708 -0.07138
20190709 -0.07170
20190710 -0.07202
20190711 -0.07234
20190712 -0.07266
20190713 -0.07297
20190714 -0.07328
20190715 -0.07359
20190716 -0.07390
20190717 -0.07420
20190718 -0.07451
20190719 -0.07480
20190720 -0.07510
20190721 -0.07539
20190722 -0.07568
20190723 -0.07596
20190724 -0.07624
20190725 -0.07652
20190726 -0.07679
20190727 -0.07706
20190728 -0.07733
20190729 -0.07759
20190730 -0.07784
20190731 -0.07810
20190801 -0.07835
20190802 -0.07860
20190803 -0.07884
20190804 -0.07908
20190805 -0.07932
20190806 -0.07956
20190807 -0.07979
20190808 -0.08002
20190809 -0.08025
20190810 -0.08048
20190811 -0.08070
20190812 -0.08092
20190813 -0.08114
20190814 -0.08136
20190815 -0.08158
20190816 -0.08180
20190817 -0.08202
20190818 -0.08223
20190819 -0.08245
20190820 -0.08266
20190821 -0.08287
20190822 -0.08308
20190823 -0.08329
20190824 -0.08350
20190825 -0.08371
20190826 -0.08392
20190827 -0.08413
20190828 -0.08433
20190829 -0.08454
20190830 -0.08475
20190831 -0.08495
20190901 -0.08516
20190902 -0.08536
20190903 -0.08556
20190904 -0.08577
20190905 -0.08597
20190906 -0.08617
20190907 -0.08638
20190908 -0.08658
20190909 -0.08678
20190910 -0.08698
20190911 -0.08718
20190912 -0.08738
20190913 -0.08758
20190914 -0.08778
20190915 -0.08798
20190916 -0.08818
20190917 -0.08838
20190918 -0.08858
20190919 -0.08878
20190920 -0.08898
20190921 -0.08917
20190922 -0.08937
20190923 -0.08957
20190924 -0.08977
20190925 -0.08996
20190926 -0.09016
20190927 -0.09036
20190928 -0.09056
20190929 -0.09075
20190930 -0.09095
20191001 -0.09115
20191002 -0.09134
20191003 -0.09154
20191004 -0.09173
20191005 -0.09193
20191006 -0.09212
20191007 -0.09232
20191008 -0.09252
20191009 -0.09271
20191010 -0.09291
20191011 -0.09310
20191012 -0.09330
20191013 -0.09349
20191014 -0.09369
20191015 -0.09388
20191016 -0.09408
20191017 -0.09427
20191018 -0.09447
20191019 -0.09466
20191020 -0.09485
20191021 -0.09505
20191022 -0.09524
20191023 -0.09544
20191024 -0.09563
20191025 -0.09583
20191026 -0.09602
20191027 -0.09621
20191028 -0.09641
20191029 -0.09660
20191030 -0.09680
20191031 -0.09699
20191101 -0.09718
20191102 -0.09738
20191103 -0.09757
20191104 -0.09777
20191105 -0.09796
20191106 -0.09815
20191107 -0.09835
20191108 -0.09854
20191109 -0.09874
20191110 -0.09893
20191111 -0.09913
20191112 -0.09932
20191113 -0.09951
20191114 -0.09971
20191115 -0.09990
20191116 -0.10010
20191117 -0.10029
20191118 -0.10049
20191119 -0.10068
20191120 -0.10088
20191121 -0.10107
20191122 -0.10127
20191123 -0.10146
20191124 -0.10166
20191125 -0.10185
20191126 -0.10205
20191127 -0.10224
20191128 -0.10244
20191129 -0.10263
20191130 -0.10283
20191201 -0.10302
20191202 -0.10322
20191203 -0.10342
20191204 -0.10361
20191205 -0.10381
20191206 -0.10400
20191207 -0.10420
20191208 -0.10440
20191209 -0.10459
20191210 -0.10479
20191211 -0.10499
20191212 -0.10519
20191213 -0.10538
20191214 -0.10558
20191215 -0.10578
20191216 -0.10598
20191217 -0.10617
20191218 -0.10637
20191219 -0.10657
20191220 -0.10677
20191221 -0.10697
20191222 -0.10717
20191223 -0.10737
20191224 -0.10757
20191225 -0.10777
20191226 -0.10797
20191227 -0.10817
20191228 -0.10837
20191229 -0.10857
20191230 -0.10877
20191231 -0.10897
20200101 -0.10917
20200102 -0.10937
20200103 -0.10957
20200104 -0.10977
20200105 -0.10998
20200106 -0.11018
20200107 -0.11038
20200108 -0.11058
20200109 -0.11079
20200110 -0.11099
20200111 -0.11119
20200112 -0.11140
20200113 -0.11160
20200114 -0.11181
20200115 -0.11201
20200116 -0.11222
20200117 -0.11242
20200118 -0.11263
20200119 -0.11283
20200120 -0.11304
20200121 -0.11325
20200122 -0.11345
20200123 -0.11366
20200124 -0.11387
20200125 -0.11408
20200126 -0.11429
20200127 -0.11449
20200128 -0.11470
20200129 -0.11491
20200130 -0.11512
20200131 -0.11533
20200201 -0.11554
20200202 -0.11575
20200203 -0.11596
20200204 -0.11617
20200205 -0.11639
20200206 -0.11660
20200207 -0.11681
20200208 -0.11702
20200209 -0.11723
20200210 -0.11745
20200211 -0.11766
20200212 -0.11788
20200213 -0.11809
20200214 -0.11831
20200215 -0.11852
20200216 -0.11874
20200217 -0.11895
20200218 -0.11917
20200219 -0.11939
20200220 -0.11960
20200221 -0.11982
20200222 -0.12004
20200223 -0.12026
20200224 -0.12048
20200225 -0.12069
20200226 -0.12091
20200227 -0.12113
20200228 -0.12135
20200229 -0.12158
20200301 -0.12180
20200302 -0.12202
20200303 -0.12224
20200304 -0.12246
20200305 -0.12269
20200306 -0.12291
20200307 -0.12313
20200308 -0.12336
20200309 -0.12358
20200310 -0.12381
20200311 -0.12403
20200312 -0.12426
20200313 -0.12449
20200314 -0.12471
20200315 -0.12494
20200316 -0.12517
20200317 -0.12540
20200318 -0.12563
20200319 -0.12586
20200320 -0.12609
20200321 -0.12632
20200322 -0.12655
20200323 -0.12678
20200324 -0.12701
20200325 -0.12724
20200326 -0.12748
20200327 -0.12771
20200328 -0.12794
20200329 -0.12818
20200330 -0.12841
20200331 -0.12865
20200401 -0.12888
20200402 -0.12912
20200403 -0.12936
20200404 -0.12959
20200405 -0.12983
20200406 -0.13007
20200407 -0.13031
20200408 -0.13055
20200409 -0.13079
20200410 -0.13103
20200411 -0.13127
20200412 -0.13151
20200413 -0.13175
20200414 -0.13200
20200415 -0.13224
20200416 -0.13248
20200417 -0.13273
20200418 -0.13297
20200419 -0.13322
20200420 -0.13346
20200421 -0.13371
20200422 -0.13396
20200423 -0.13420
20200424 -0.13445
20200425 -0.13470
20200426 -0.13495
20200427 -0.13520
20200428 -0.13545
20200429 -0.13570
20200430 -0.13595
20200501 -0.13620
20200502 -0.13645
20200503 -0.13671
20200504 -0.13696
20200505 -0.13721
20200506 -0.13747
20200507 -0.13772
20200508 -0.13798
20200509 -0.13823
20200510 -0.13849
20200511 -0.13875
20200512 -0.13901
20200513 -0.13926
20200514 -0.13952
20200515 -0.13978
20200516 -0.14004
20200517 -0.14030
20200518 -0.14056
20200519 -0.14083
20200520 -0.14109
20200521 -0.14135
20200522 -0.14162
20200523 -0.14188
20200524 -0.14214
20200525 -0.14241
20200526 -0.14268
20200527 -0.14294
20200528 -0.14321
20200529 -0.14348
20200530 -0.14375
20200531 -0.14401
20200601 -0.14428
20200602 -0.14455
20200603 -0.14482
20200604 -0.14510
20200605 -0.14537
20200606 -0.14564
20200607 -0.14591
20200608 -0.14619
20200609 -0.14646
20200610 -0.14673
20200611 -0.14701
20200612 -0.14729
20200613 -0.14756
20200614 -0.14784
20200615 -0.14812
20200616 -0.14839
20200617 -0.14867
20200618 -0.14895
20200619 -0.14923
20200620 -0.14951
20200621 -0.14979
20200622 -0.15008
20200623 -0.15036
20200624 -0.15064
20200625 -0.15093
20200626 -0.15121
20200627 -0.15149
20200628 -0.15178
20200629 -0.15207
20200630 -0.15235
20200701 -0.15264
20200702 -0.15293
20200703 -0.15322
20200704 -0.15350
20200705 -0.15379
20200706 -0.15408
20200707 -0.15437
20200708 -0.15467
20200709 -0.15496
20200710 -0.15525
20200711 -0.15554
20200712 -0.15584
20200713 -0.15613
20200714 -0.15643
20200715 -0.15672
20200716 -0.15702
20200717 -0.15731
20200718 -0.15761
20200719 -0.15791
20200720 -0.15821
20200721 -0.15851
20200722 -0.15880
20200723 -0.15910
20200724 -0.15941
20200725 -0.15971
20200726 -0.16001
20200727 -0.16031
20200728 -0.16061
20200729 -0.16092
20200730 -0.16122
20200731 -0.16153
20200801 -0.16183
20200802 -0.16214
20200803 -0.16244
20200804 -0.16275
20200805 -0.16306
20200806 -0.16337
20200807 -0.16367
20200808 -0.16398
20200809 -0.16429
20200810 -0.16460
20200811 -0.16491
20200812 -0.16523
20200813 -0.16554
20200814 -0.16585
20200815 -0.16616
20200816 -0.16648
20200817 -0.16679
20200818 -0.16711
20200819 -0.16742
20200820 -0.16774
20200821 -0.16805
20200822 -0.16837
20200823 -0.16869
20200824 -0.16901
20200825 -0.16933
20200826 -0.16965
20200827 -0.16997
20200828 -0.17029
20200829 -0.17061
20200830 -0.17093
20200831 -0.17125
20200901 -0.17157
20200902 -0.17189
20200903 -0.17222
20200904 -0.17254
20200905 -0.17287
20200906 -0.17319
20200907 -0.17352
20200908 -0.17384
20200909 -0.17417
20200910 -0.17450
20200911 -0.17483
20200912 -0.17515
20200913 -0.17548
20200914 -0.17581
20200915 -0.17614
20200916 -0.17647
20200917 -0.17680
20200918 -0.17713
20200919 -0.17746
20200920 -0.17780
20200921 -0.17813
20200922 -0.17846
20200923 -0.17880
20200924 -0.17913
20200925 -0.17946
20200926 -0.17980
20200927 -0.18013
20200928 -0.18047
20200929 -0.18081
20200930 -0.18114
20201001 -0.18148
20201002 -0.18182
20201003 -0.18216
20201004 -0.18250
20201005 -0.18284
20201006 -0.18318
20201007 -0.18352
20201008 -0.18386
20201009 -0.18420
20201010 -0.18454
20201011 -0.18488
20201012 -0.18522
20201013 -0.18557
20201014 -0.18591
20201015 -0.18625
20201016 -0.18660
20201017 -0.18694
20201018 -0.18729
20201019 -0.18763
20201020 -0.18798
20201021 -0.18832
20201022 -0.18867
20201023 -0.18902
20201024 -0.18936
20201025 -0.18971
20201026 -0.19006
20201027 -0.19041
20201028 -0.19076
20201029 -0.19111
20201030 -0.19145
20201031 -0.19180
20201101 -0.19215
20201102 -0.19251
20201103 -0.19286
20201104 -0.19321
20201105 -0.19356
20201106 -0.19391
20201107 -0.19426
20201108 -0.19462
20201109 -0.19497
20201110 -0.19532
20201111 -0.19568
20201112 -0.19603
20201113 -0.19639
20201114 -0.19674
20201115 -0.19710
20201116 -0.19745
20201117 -0.19781
20201118 -0.19816
20201119 -0.19852
20201120 -0.19888
20201121 -0.19923
20201122 -0.19959
20201123 -0.19995
20201124 -0.20031
20201125 -0.20066
20201126 -0.20102
20201127 -0.20138
20201128 -0.20174
20201129 -0.20210
20201130 -0.20246
20201201 -0.20282
20201202 -0.20318
20201203 -0.20354
20201204 -0.20390
20201205 -0.20426
20201206 -0.20462
20201207 -0.20498
20201208 -0.20534
20201209 -0.20570
20201210 -0.20607
20201211 -0.20643
20201212 -0.20679
20201213 -0.20715
20201214 -0.20751
20201215 -0.20788
20201216 -0.20824
20201217 -0.20860
20201218 -0.20897
20201219 -0.20933
20201220 -0.20969
20201221 -0.21006
20201222 -0.21042
20201223 -0.21079
20201224 -0.21115
20201225 -0.21151
20201226 -0.21188
20201227 -0.21224
20201228 -0.21261
20201229 -0.21297
20201230 -0.21334
20201231 -0.21370
20210101 999999.00000
20210102 -0.21443
20210103 -0.21480
20210104 -0.21516
20210105 -0.21553
20210106 -0.21590
20210107 -0.21626
20210108 -0.21663
20210109 -0.21699
20210110 -0.21736
20210111 -0.21773
20210112 -0.21809
20210113 -0.21846
20210114 -0.21882
20210115 -0.21919
20210116 -0.21956
20210117 -0.21992
20210118 -0.22029
20210119 -0.22066
20210120 -0.22102
20210121 -0.22139
20210122 -0.22176
20210123 -0.22212
20210124 -0.22249
20210125 -0.22286
20210126 -0.22322
20210127 -0.22359
20210128 -0.22395
20210129 -0.22432
20210130 -0.22469
20210131 -0.22505
20210201 -0.22542
20210202 -0.22579
20210203 -0.22615
20210204 -0.22652
20210205 -0.22688
20210206 -0.22725
20210207 -0.22761
20210208 -0.22798
20210209 -0.22835
20210210 -0.22871
20210211 -0.22908
20210212 -0.22944
20210213 -0.22981
20210214 -0.23017
20210215 -0.23054
20210216 -0.23090
20210217 -0.23127
20210218 -0.23163
20210219 -0.23200
20210220 -0.23236
20210221 -0.23272
20210222 -0.23309
20210223 -0.23345
20210224 -0.23381
20210225 -0.23418
20210226 -0.23454
20210227 -0.23490
20210228 -0.23527
20210301 -0.23563
20210302 -0.23599
20210303 -0.23635
20210304 -0.23671
20210305 -0.23708
20210306 -0.23744
20210307 -0.23780
20210308 -0.23816
20210309 -0.23852
20210310 -0.23888
20210311 -0.23924
20210312 -0.23960
20210313 -0.23996
20210314 -0.24032
20210315 -0.24068
20210316 -0.24103
20210317 -0.24139
20210318 -0.24175
20210319 -0.24211
20210320 -0.24247
20210321 -0.24282
20210322 -0.24318
20210323 -0.24353
20210324 -0.24389
20210325 -0.24425
20210326 -0.24460
20210327 -0.24496
20210328 -0.24531
20210329 -0.24566
20210330 -0.24602
20210331 -0.24637
20210401 -0.24672
20210402 -0.24708
20210403 -0.24743
20210404 -0.24778
20210405 -0.24813
20210406 -0.24848
20210407 -0.24883
20210408 -0.24918
20210409 -0.24953
20210410 -0.24988
20210411 -0.25023
20210412 -0.25057
20210413 -0.25092
20210414 -0.25127
20210415 -0.25162
20210416 -0.25196
20210417 -0.25231
20210418 -0.25265
20210419 -0.25299
20210420 -0.25334
20210421 -0.25368
20210422 -0.25402
20210423 -0.25437
20210424 -0.25471
20210425 -0.25505
20210426 -0.25539
20210427 -0.25573
20210428 -0.25607
20210429 -0.25641
20210430 -0.25674
20210501 -0.25708
20210502 -0.25742
20210503 -0.25775
20210504 -0.25809
20210505 -0.25842
20210506 -0.25876
20210507 -0.25909
20210508 -0.25942
20210509 -0.25975
20210510 -0.26008
20210511 -0.26041
20210512 -0.26074
20210513 -0.26107
20210514 -0.26140
20210515 -0.26173
20210516 -0.26205
20210517 -0.26238
20210518 -0.26270
20210519 -0.26303
20210520 -0.26335
20210521 -0.26367
20210522 -0.26399
20210523 -0.26431
20210524 -0.26463
20210525 -0.26495
20210526 -0.26527
20210527 999999.00000
20210528 999999.00000
20210529 999999.00000
20210530 999999.00000
20210531 999999.00000
20210601 999999.00000
20210602 999999.00000
20210603 999999.00000
20210604 999999.00000
20210605 999999.00000
20210606 999999.00000
20210607 999999.00000
20210608 999999.00000
20210609 999999.00000
20210610 999999.00000
20210611 999999.00000
20210612 -0.27048
20210613 -0.27077
20210614 -0.27106
20210615 -0.27135
20210616 -0.27164
20210617 -0.27193
20210618 -0.27221
20210619 -0.27249
20210620 -0.27277
20210621 -0.27305
20210622 -0.27332
20210623 -0.27359
20210624 -0.27386
20210625 -0.27412
20210626 -0.27438
20210627 -0.27464
20210628 -0.27489
20210629 -0.27514
20210630 -0.27539
20210701 -0.27563
20210702 -0.27587
20210703 -0.27610
20210704 -0.27633
20210705 -0.27655
20210706 -0.27676
20210707 -0.27697
20210708 -0.27718
20210709 -0.27738
20210710 -0.27757
20210711 -0.27775
20210712 -0.27793
20210713 -0.27811
20210714 -0.27827
20210715 -0.27843
20210716 -0.27859
20210717 -0.27874
20210718 -0.27888
20210719 -0.27902
20210720 -0.27915
20210721 -0.27928
20210722 -0.27940
20210723 -0.27951
20210724 -0.27963
20210725 -0.27973
20210726 -0.27984
20210727 -0.27994
20210728 -0.28003
20210729 -0.28013
20210730 -0.28022
20210731 -0.28030
20210801 -0.28039
20210802 -0.28047
20210803 -0.28054
20210804 -0.28062
20210805 -0.28069
20210806 -0.28076
20210807 -0.28083
20210808 -0.28090
20210809 -0.28096
20210810 -0.28102
20210811 -0.28108
20210812 -0.28114
20210813 -0.28119
20210814 -0.28125
20210815 -0.28130
20210816 -0.28135
20210817 -0.28140
20210818 -0.28145
20210819 -0.28150
20210820 -0.28154
20210821 -0.28158
20210822 -0.28163
20210823 -0.28167
20210824 -0.28170
20210825 -0.28174
20210826 -0.28178
20210827 -0.28181
20210828 -0.28185
20210829 -0.28188
20210830 -0.28191
20210831 -0.28194
20210901 -0.28197
20210902 -0.28200
20210903 -0.28202
20210904 -0.28205
20210905 -0.28207
20210906 -0.28210
20210907 -0.28212
20210908 -0.28214
20210909 -0.28216
20210910 -0.28218
20210911 -0.28219
20210912 -0.28221
20210913 -0.28223
20210914 -0.28224
20210915 -0.28225
20210916 -0.28227
20210917 -0.28228
20210918 -0.28229
20210919 -0.28230
20210920 -0.28230
20210921 -0.28231
20210922 -0.28232
20210923 -0.28232
20210924 -0.28233
20210925 -0.28233
20210926 -0.28233
20210927 -0.28233
20210928 -0.28233
20210929 -0.28233
20210930 -0.28233
20211001 -0.28232
20211002 -0.28232
20211003 -0.28232
20211004 -0.28231
20211005 -0.28230
20211006 -0.28230
20211007 -0.28229
20211008 -0.28228
20211009 -0.28227
20211010 -0.28225
20211011 -0.28224
20211012 -0.28223
20211013 -0.28221
20211014 -0.28220
20211015 -0.28218
20211016 -0.28216
20211017 -0.28215
20211018 -0.28213
20211019 -0.28211
20211020 -0.28209
20211021 -0.28206
20211022 -0.28204
20211023 -0.28202
20211024 -0.28199
20211025 -0.28197
20211026 -0.28194
20211027 -0.28191
20211028 -0.28188
20211029 -0.28186
20211030 -0.28182
20211031 -0.28179
20211101 -0.28176
20211102 -0.28173
20211103 -0.28169
20211104 -0.28166
20211105 -0.28162
20211106 -0.28159
20211107 -0.28155
20211108 -0.28151
20211109 -0.28147
20211110 -0.28143
20211111 -0.28139
20211112 -0.28134
20211113 -0.28130
20211114 -0.28125
20211115 -0.28121
20211116 -0.28116
20211117 -0.28111
20211118 -0.28106
20211119 -0.28101
20211120 -0.28096
20211121 -0.28091
20211122 -0.28085
20211123 -0.28080
20211124 -0.28074
20211125 -0.28068
20211126 -0.28062
20211127 -0.28056
20211128 -0.28050
20211129 -0.28044
20211130 -0.28037
20211201 -0.28031
20211202 -0.28024
20211203 -0.28017
20211204 -0.28010
20211205 -0.28002
20211206 -0.27995
20211207 -0.27987
20211208 -0.27979
20211209 -0.27971
20211210 -0.27962
20211211 -0.27953
20211212 -0.27944
20211213 -0.27935
20211214 -0.27925
20211215 -0.27915
20211216 -0.27904
20211217 -0.27893
20211218 -0.27882
20211219 -0.27870
20211220 -0.27857
20211221 -0.27843
20211222 -0.27829
20211223 -0.27814
20211224 -0.27798
20211225 -0.27781
20211226 -0.27762
20211227 -0.27742
20211228 -0.27721
20211229 -0.27698
20211230 -0.27673
20211231 -0.27647
20220101 -0.27618
20220102 -0.27587
20220103 -0.27555
20220104 -0.27519
20220105 -0.27482
20220106 -0.27443
20220107 -0.27401
20220108 -0.27358
20220109 -0.27313
20220110 -0.27266
20220111 -0.27218
20220112 -0.27169
20220113 -0.27118
20220114 -0.27066
20220115 -0.27014
20220116 -0.26960
20220117 -0.26906
20220118 -0.26850
20220119 -0.26795
20220120 -0.26738
20220121 -0.26682
20220122 -0.26624
20220123 -0.26567
20220124 -0.26509
20220125 -0.26450
20220126 -0.26391
20220127 -0.26332
20220128 -0.26273
20220129 -0.26213
20220130 -0.26154
20220131 -0.26093
20220201 -0.26033
20220202 -0.25973
20220203 -0.25912
20220204 -0.25851
20220205 -0.25790
20220206 -0.25729
20220207 -0.25668
20220208 -0.25607
20220209 -0.25545
20220210 -0.25483
20220211 -0.25422
20220212 -0.25360
20220213 -0.25298
20220214 -0.25236
20220215 -0.25173
20220216 -0.25111
20220217 -0.25049
20220218 -0.24986
20220219 -0.24924
20220220 -0.24861
20220221 -0.24798
20220222 -0.24735
