20080101 0.11191
20080102 0.11204
20080103 0.11216
20080104 0.11229
20080105 0.11241
20080106 0.11254
20080107 0.11266
20080108 0.11279
20080109 0.11292
20080110 0.11305
20080111 0.11317
20080112 0.11330
20080113 0.11343
20080114 0.11356
20080115 0.11369
20080116 0.11382
20080117 0.11395
20080118 0.11408
20080119 0.11422
20080120 0.11435
20080121 0.11448
20080122 0.11462
20080123 0.11475
20080124 0.11488
20080125 0.11502
20080126 0.11516
20080127 0.11529
20080128 0.11543
20080129 0.11556
20080130 0.11570
20080131 0.11584
20080201 0.11598
20080202 0.11612
20080203 0.11626
20080204 0.11640
20080205 0.11654
20080206 0.11668
20080207 0.11682
20080208 0.11696
20080209 0.11710
20080210 0.11724
20080211 0.11739
20080212 0.11753
20080213 0.11767
20080214 0.11782
20080215 0.11796
20080216 0.11811
20080217 0.11825
20080218 0.11840
20080219 0.11855
20080220 0.11869
20080221 0.11884
20080222 0.11899
20080223 0.11914
20080224 0.11928
20080225 0.11943
20080226 0.11958
20080227 0.11973
20080228 0.11988
20080229 0.12003
20080301 0.12018
20080302 0.12033
20080303 0.12049
20080304 0.12064
20080305 0.12079
20080306 0.12094
20080307 0.12109
20080308 0.12125
20080309 0.12140
20080310 0.12155
20080311 0.12171
20080312 0.12186
20080313 999999.00000
20080314 0.12217
20080315 0.12232
20080316 0.12248
20080317 0.12264
20080318 0.12279
20080319 0.12295
20080320 0.12310
20080321 0.12326
20080322 0.12342
20080323 0.12357
20080324 0.12373
20080325 0.12389
20080326 0.12404
20080327 0.12420
20080328 0.12436
20080329 0.12452
20080330 0.12468
20080331 0.12483
20080401 0.12499
20080402 0.12515
20080403 0.12531
20080404 0.12547
20080405 0.12563
20080406 0.12579
20080407 0.12595
20080408 0.12611
20080409 0.12627
20080410 0.12643
20080411 0.12659
20080412 0.12675
20080413 0.12691
20080414 0.12707
20080415 0.12723
20080416 0.12739
20080417 0.12755
20080418 0.12771
20080419 0.12787
20080420 0.12803
20080421 0.12819
20080422 0.12835
20080423 0.12851
20080424 0.12867
20080425 0.12883
20080426 0.12899
20080427 0.12915
20080428 0.12931
20080429 0.12947
20080430 0.12963
20080501 0.12979
20080502 0.12995
20080503 0.13011
20080504 0.13027
20080505 0.13043
20080506 0.13059
20080507 0.13075
20080508 0.13091
20080509 0.13107
20080510 0.13123
20080511 0.13139
20080512 0.13155
20080513 0.13171
20080514 0.13187
20080515 0.13203
20080516 0.13219
20080517 0.13235
20080518 0.13251
20080519 0.13267
20080520 0.13283
20080521 0.13298
20080522 0.13314
20080523 0.13330
20080524 0.13346
20080525 0.13362
20080526 0.13378
20080527 0.13393
20080528 0.13409
20080529 0.13425
20080530 0.13441
20080531 0.13456
20080601 0.13472
20080602 0.13488
20080603 0.13503
20080604 0.13519
20080605 0.13534
20080606 0.13550
20080607 0.13566
20080608 0.13581
20080609 0.13597
20080610 0.13612
20080611 0.13628
20080612 0.13643
20080613 0.13658
20080614 0.13674
20080615 0.13689
20080616 0.13704
20080617 0.13720
20080618 0.13735
20080619 0.13750
20080620 0.13766
20080621 0.13781
20080622 0.13796
20080623 0.13811
20080624 0.13826
20080625 0.13841
20080626 0.13856
20080627 0.13871
20080628 0.13886
20080629 0.13901
20080630 0.13916
20080701 0.13931
20080702 0.13946
20080703 0.13961
20080704 0.13976
20080705 0.13990
20080706 0.14005
20080707 0.14020
20080708 0.14034
20080709 0.14049
20080710 0.14064
20080711 0.14078
20080712 0.14093
20080713 0.14107
20080714 0.14122
20080715 0.14136
20080716 0.14150
20080717 0.14165
20080718 0.14179
20080719 0.14193
20080720 0.14207
20080721 0.14222
20080722 0.14236
20080723 0.14250
20080724 0.14264
20080725 0.14278
20080726 0.14292
20080727 0.14306
20080728 0.14320
20080729 0.14334
20080730 0.14347
20080731 0.14361
20080801 0.14375
20080802 0.14389
20080803 0.14402
20080804 0.14416
20080805 0.14429
20080806 0.14443
20080807 0.14456
20080808 0.14470
20080809 0.14483
20080810 0.14496
20080811 0.14510
20080812 0.14523
20080813 0.14536
20080814 0.14549
20080815 0.14562
20080816 0.14576
20080817 0.14589
20080818 0.14602
20080819 0.14614
20080820 0.14627
20080821 0.14640
20080822 0.14653
20080823 0.14666
20080824 0.14678
20080825 0.14691
20080826 0.14703
20080827 0.14716
20080828 0.14729
20080829 0.14741
20080830 0.14753
20080831 0.14766
20080901 0.14778
20080902 0.14790
20080903 0.14802
20080904 0.14814
20080905 0.14827
20080906 0.14839
20080907 0.14851
20080908 0.14862
20080909 0.14874
20080910 0.14886
20080911 0.14898
20080912 0.14910
20080913 0.14921
20080914 0.14933
20080915 0.14944
20080916 0.14956
20080917 0.14967
20080918 0.14979
20080919 0.14990
20080920 0.15001
20080921 0.15013
20080922 0.15024
20080923 0.15035
20080924 0.15046
20080925 0.15057
20080926 0.15068
20080927 0.15079
20080928 0.15089
20080929 0.15100
20080930 0.15111
20081001 0.15122
20081002 0.15132
20081003 0.15143
20081004 0.15153
20081005 0.15164
20081006 0.15174
20081007 0.15184
20081008 0.15195
20081009 0.15205
20081010 0.15215
20081011 0.15225
20081012 0.15235
20081013 0.15245
20081014 0.15255
20081015 0.15265
20081016 0.15274
20081017 0.15284
20081018 0.15294
20081019 0.15303
20081020 0.15313
20081021 0.15322
20081022 0.15332
20081023 0.15341
20081024 0.15350
20081025 0.15360
20081026 0.15369
20081027 0.15378
20081028 0.15387
20081029 0.15396
20081030 0.15405
20081031 0.15414
20081101 0.15422
20081102 0.15431
20081103 0.15440
20081104 0.15448
20081105 0.15457
20081106 0.15465
20081107 0.15474
20081108 0.15482
20081109 0.15490
20081110 0.15499
20081111 0.15507
20081112 0.15515
20081113 0.15523
20081114 0.15531
20081115 0.15539
20081116 0.15547
20081117 0.15554
20081118 0.15562
20081119 0.15570
20081120 0.15577
20081121 0.15585
20081122 0.15592
20081123 0.15599
20081124 0.15607
20081125 0.15614
20081126 0.15621
20081127 0.15628
20081128 0.15635
20081129 0.15642
20081130 0.15649
20081201 0.15656
20081202 0.15663
20081203 0.15669
20081204 0.15676
20081205 0.15683
20081206 0.15689
20081207 0.15695
20081208 0.15702
20081209 0.15708
20081210 0.15714
20081211 0.15720
20081212 0.15727
20081213 0.15733
20081214 0.15738
20081215 0.15744
20081216 0.15750
20081217 0.15756
20081218 0.15762
20081219 0.15767
20081220 0.15773
20081221 0.15778
20081222 0.15783
20081223 0.15789
20081224 0.15794
20081225 0.15799
20081226 0.15804
20081227 0.15809
20081228 0.15814
20081229 0.15819
20081230 0.15824
20081231 0.15829
20090101 0.15833
20090102 0.15838
20090103 0.15843
20090104 0.15847
20090105 0.15851
20090106 0.15856
20090107 0.15860
20090108 0.15864
20090109 0.15868
20090110 0.15872
20090111 0.15876
20090112 0.15880
20090113 0.15884
20090114 0.15888
20090115 0.15892
20090116 0.15895
20090117 0.15899
20090118 0.15902
20090119 0.15906
20090120 0.15909
20090121 0.15912
20090122 0.15915
20090123 0.15919
20090124 0.15922
20090125 0.15925
20090126 0.15928
20090127 0.15930
20090128 0.15933
20090129 0.15936
20090130 0.15938
20090131 0.15941
20090201 0.15943
20090202 0.15946
20090203 0.15948
20090204 0.15950
20090205 0.15953
20090206 0.15955
20090207 0.15957
20090208 0.15959
20090209 0.15961
20090210 0.15963
20090211 0.15964
20090212 0.15966
20090213 0.15968
20090214 0.15969
20090215 0.15971
20090216 0.15972
20090217 0.15973
20090218 0.15975
20090219 0.15976
20090220 0.15977
20090221 0.15978
20090222 0.15979
20090223 0.15980
20090224 0.15981
20090225 0.15982
20090226 0.15982
20090227 0.15983
20090228 0.15983
20090301 0.15984
20090302 0.15984
20090303 0.15985
20090304 0.15985
20090305 0.15985
20090306 0.15985
20090307 0.15985
20090308 0.15985
20090309 0.15985
20090310 0.15985
20090311 0.15985
20090312 0.15985
20090313 0.15984
20090314 0.15984
20090315 0.15984
20090316 0.15983
20090317 0.15982
20090318 0.15982
20090319 0.15981
20090320 0.15980
20090321 0.15979
20090322 0.15978
20090323 0.15977
20090324 0.15976
20090325 0.15975
20090326 0.15974
20090327 0.15972
20090328 0.15971
20090329 0.15970
20090330 0.15968
20090331 0.15967
20090401 0.15965
20090402 0.15963
20090403 0.15961
20090404 0.15960
20090405 0.15958
20090406 0.15956
20090407 0.15954
20090408 0.15952
20090409 0.15949
20090410 0.15947
20090411 0.15945
20090412 0.15943
20090413 0.15940
20090414 0.15938
20090415 0.15935
20090416 0.15933
20090417 0.15930
20090418 0.15927
20090419 0.15924
20090420 0.15921
20090421 0.15919
20090422 0.15916
20090423 0.15913
20090424 0.15909
20090425 0.15906
20090426 0.15903
20090427 0.15900
20090428 0.15896
20090429 0.15893
20090430 0.15889
20090501 0.15886
20090502 0.15882
20090503 0.15879
20090504 0.15875
20090505 0.15871
20090506 0.15867
20090507 0.15864
20090508 0.15860
20090509 0.15856
20090510 0.15852
20090511 0.15847
20090512 0.15843
20090513 0.15839
20090514 0.15835
20090515 0.15830
20090516 0.15826
20090517 0.15822
20090518 0.15817
20090519 0.15812
20090520 0.15808
20090521 0.15803
20090522 0.15798
20090523 0.15794
20090524 0.15789
20090525 0.15784
20090526 0.15779
20090527 0.15774
20090528 0.15769
20090529 0.15764
20090530 0.15759
20090531 0.15754
20090601 0.15748
20090602 0.15743
20090603 0.15738
20090604 0.15732
20090605 0.15727
20090606 0.15721
20090607 0.15716
20090608 0.15710
20090609 0.15705
20090610 0.15699
20090611 0.15693
20090612 0.15687
20090613 0.15682
20090614 0.15676
20090615 0.15670
20090616 0.15664
20090617 0.15658
20090618 0.15652
20090619 0.15646
20090620 0.15640
20090621 0.15634
20090622 0.15627
20090623 0.15621
20090624 0.15615
20090625 0.15609
20090626 0.15602
20090627 0.15596
20090628 0.15589
20090629 0.15583
20090630 0.15576
20090701 0.15570
20090702 0.15563
20090703 0.15557
20090704 0.15550
20090705 0.15543
20090706 0.15537
20090707 0.15530
20090708 0.15523
20090709 0.15516
20090710 0.15509
20090711 0.15503
20090712 0.15496
20090713 0.15489
20090714 0.15482
20090715 0.15475
20090716 0.15468
20090717 0.15461
20090718 0.15453
20090719 0.15446
20090720 0.15439
20090721 0.15432
20090722 0.15425
20090723 0.15418
20090724 0.15410
20090725 0.15403
20090726 0.15396
20090727 0.15388
20090728 0.15381
20090729 0.15374
20090730 0.15366
20090731 0.15359
20090801 0.15351
20090802 0.15344
20090803 0.15337
20090804 0.15329
20090805 0.15322
20090806 0.15314
20090807 0.15306
20090808 0.15299
20090809 0.15291
20090810 0.15284
20090811 0.15276
20090812 0.15269
20090813 0.15261
20090814 0.15253
20090815 0.15246
20090816 0.15238
20090817 0.15230
20090818 0.15223
20090819 0.15215
20090820 0.15207
20090821 0.15200
20090822 0.15192
20090823 0.15184
20090824 0.15176
20090825 0.15169
20090826 0.15161
20090827 0.15153
20090828 0.15146
20090829 0.15138
20090830 0.15130
20090831 0.15122
20090901 0.15115
20090902 0.15107
20090903 0.15099
20090904 0.15092
20090905 0.15084
20090906 0.15076
20090907 0.15068
20090908 0.15061
20090909 0.15053
20090910 0.15045
20090911 0.15038
20090912 0.15030
20090913 0.15022
20090914 0.15015
20090915 0.15007
20090916 0.14999
20090917 0.14992
20090918 0.14984
20090919 0.14977
20090920 0.14969
20090921 0.14962
20090922 0.14954
20090923 0.14947
20090924 0.14939
20090925 0.14932
20090926 0.14924
20090927 0.14917
20090928 0.14909
20090929 0.14902
20090930 0.14895
20091001 0.14887
20091002 0.14880
20091003 0.14873
20091004 0.14865
20091005 0.14858
20091006 0.14851
20091007 0.14844
20091008 0.14837
20091009 0.14830
20091010 0.14823
20091011 0.14816
20091012 0.14809
20091013 0.14802
20091014 0.14795
20091015 0.14788
20091016 0.14781
20091017 0.14774
20091018 0.14768
20091019 0.14761
20091020 0.14754
20091021 0.14748
20091022 0.14741
20091023 0.14734
20091024 0.14728
20091025 0.14722
20091026 0.14715
20091027 0.14709
20091028 0.14703
20091029 0.14696
20091030 0.14690
20091031 0.14684
20091101 0.14678
20091102 0.14672
20091103 0.14666
20091104 0.14660
20091105 0.14654
20091106 0.14649
20091107 0.14643
20091108 0.14637
20091109 0.14632
20091110 0.14626
20091111 0.14621
20091112 0.14615
20091113 0.14610
20091114 0.14605
20091115 0.14600
20091116 0.14595
20091117 0.14590
20091118 0.14585
20091119 0.14580
20091120 0.14575
20091121 0.14570
20091122 0.14566
20091123 0.14561
20091124 0.14557
20091125 0.14552
20091126 0.14548
20091127 0.14544
20091128 0.14540
20091129 0.14536
20091130 0.14532
20091201 0.14528
20091202 0.14524
20091203 0.14521
20091204 0.14517
20091205 0.14514
20091206 0.14510
20091207 0.14507
20091208 0.14504
20091209 0.14501
20091210 0.14498
20091211 0.14495
20091212 0.14492
20091213 0.14489
20091214 0.14487
20091215 0.14484
20091216 0.14482
20091217 0.14480
20091218 0.14478
20091219 0.14476
20091220 0.14474
20091221 0.14472
20091222 0.14471
20091223 0.14469
20091224 0.14468
20091225 0.14466
20091226 0.14465
20091227 0.14464
20091228 0.14463
20091229 0.14463
20091230 0.14462
20091231 0.14462
20100101 0.14461
20100102 0.14461
20100103 0.14461
20100104 0.14461
20100105 0.14461
20100106 0.14461
20100107 0.14462
20100108 0.14463
20100109 0.14463
20100110 0.14464
20100111 0.14465
20100112 0.14467
20100113 0.14468
20100114 0.14469
20100115 0.14471
20100116 0.14473
20100117 0.14475
20100118 0.14477
20100119 0.14479
20100120 0.14482
20100121 0.14484
20100122 0.14487
20100123 0.14490
20100124 0.14493
20100125 0.14496
20100126 0.14500
20100127 0.14504
20100128 0.14507
20100129 0.14511
20100130 0.14516
20100131 0.14520
20100201 0.14524
20100202 0.14529
20100203 0.14534
20100204 0.14539
20100205 0.14544
20100206 0.14550
20100207 0.14555
20100208 0.14561
20100209 0.14567
20100210 0.14573
20100211 0.14580
20100212 0.14586
20100213 0.14593
20100214 0.14600
20100215 0.14607
20100216 0.14615
20100217 0.14622
20100218 0.14630
20100219 0.14638
20100220 0.14646
20100221 0.14655
20100222 0.14663
20100223 0.14672
20100224 0.14681
20100225 0.14690
20100226 0.14700
20100227 0.14709
20100228 0.14719
20100301 0.14729
20100302 0.14740
20100303 0.14750
20100304 0.14761
20100305 0.14772
20100306 0.14783
20100307 0.14794
20100308 0.14806
20100309 0.14818
20100310 0.14830
20100311 0.14842
20100312 0.14855
20100313 0.14867
20100314 0.14880
20100315 0.14893
20100316 0.14907
20100317 0.14920
20100318 0.14934
20100319 0.14948
20100320 0.14962
20100321 0.14977
20100322 0.14991
20100323 0.15006
20100324 0.15021
20100325 0.15037
20100326 0.15052
20100327 0.15068
20100328 0.15084
20100329 0.15100
20100330 0.15116
20100331 0.15133
20100401 0.15150
20100402 0.15167
20100403 0.15184
20100404 0.15201
20100405 0.15219
20100406 0.15237
20100407 0.15255
20100408 0.15273
20100409 0.15291
20100410 0.15310
20100411 0.15329
20100412 0.15348
20100413 0.15367
20100414 0.15386
20100415 0.15406
20100416 0.15425
20100417 0.15445
20100418 0.15465
20100419 0.15485
20100420 0.15506
20100421 0.15526
20100422 0.15547
20100423 0.15568
20100424 0.15589
20100425 0.15610
20100426 0.15631
20100427 0.15653
20100428 0.15674
20100429 0.15696
20100430 0.15718
20100501 0.15740
20100502 0.15762
20100503 0.15785
20100504 0.15807
20100505 0.15830
20100506 0.15852
20100507 0.15875
20100508 0.15898
20100509 0.15921
20100510 0.15944
20100511 0.15967
20100512 0.15991
20100513 0.16014
20100514 0.16038
20100515 0.16062
20100516 0.16085
20100517 0.16109
20100518 0.16133
20100519 0.16157
20100520 0.16181
20100521 0.16206
20100522 0.16230
20100523 0.16254
20100524 0.16279
20100525 0.16303
20100526 0.16328
20100527 0.16353
20100528 0.16378
20100529 0.16402
20100530 0.16427
20100531 0.16452
20100601 0.16477
20100602 0.16502
20100603 0.16527
20100604 0.16553
20100605 0.16578
20100606 0.16603
20100607 0.16628
20100608 0.16654
20100609 0.16679
20100610 0.16704
20100611 0.16730
20100612 0.16755
20100613 0.16781
20100614 0.16806
20100615 0.16832
20100616 0.16858
20100617 0.16883
20100618 0.16909
20100619 0.16935
20100620 0.16960
20100621 0.16986
20100622 0.17012
20100623 0.17037
20100624 0.17063
20100625 0.17089
20100626 0.17115
20100627 0.17140
20100628 0.17166
20100629 0.17192
20100630 0.17217
20100701 0.17243
20100702 0.17269
20100703 0.17295
20100704 0.17320
20100705 0.17346
20100706 0.17372
20100707 0.17397
20100708 0.17423
20100709 0.17449
20100710 0.17474
20100711 0.17500
20100712 0.17526
20100713 0.17551
20100714 0.17577
20100715 0.17602
20100716 0.17628
20100717 0.17653
20100718 0.17679
20100719 0.17704
20100720 0.17729
20100721 0.17755
20100722 0.17780
20100723 0.17805
20100724 0.17831
20100725 0.17856
20100726 0.17881
20100727 0.17906
20100728 0.17931
20100729 0.17956
20100730 0.17981
20100731 0.18006
20100801 0.18031
20100802 0.18056
20100803 0.18081
20100804 999999.00000
20100805 0.18130
20100806 0.18155
20100807 0.18179
20100808 0.18204
20100809 0.18228
20100810 0.18253
20100811 0.18277
20100812 0.18302
20100813 0.18326
20100814 0.18350
20100815 0.18374
20100816 0.18398
20100817 0.18422
20100818 0.18446
20100819 0.18470
20100820 0.18494
20100821 0.18518
20100822 0.18541
20100823 0.18565
20100824 0.18588
20100825 0.18612
20100826 0.18635
20100827 0.18659
20100828 0.18682
20100829 0.18705
20100830 0.18728
20100831 0.18751
20100901 0.18774
20100902 0.18797
20100903 0.18820
20100904 0.18842
20100905 0.18865
20100906 0.18888
20100907 0.18910
20100908 0.18932
20100909 0.18955
20100910 0.18977
20100911 0.18999
20100912 0.19021
20100913 0.19043
20100914 0.19065
20100915 0.19087
20100916 0.19109
20100917 0.19130
20100918 0.19152
20100919 0.19173
20100920 0.19195
20100921 0.19216
20100922 0.19237
20100923 0.19258
20100924 0.19279
20100925 0.19300
20100926 0.19321
20100927 0.19342
20100928 0.19363
20100929 0.19383
20100930 0.19404
20101001 0.19424
20101002 0.19444
20101003 0.19464
20101004 0.19484
20101005 0.19504
20101006 0.19524
20101007 0.19544
20101008 0.19564
20101009 0.19584
20101010 0.19603
20101011 0.19622
20101012 0.19642
20101013 0.19661
20101014 0.19680
20101015 0.19699
20101016 0.19718
20101017 0.19737
20101018 0.19756
20101019 0.19774
20101020 0.19793
20101021 0.19811
20101022 0.19829
20101023 0.19848
20101024 0.19866
20101025 0.19884
20101026 0.19902
20101027 0.19919
20101028 0.19937
20101029 0.19955
20101030 0.19972
20101031 0.19990
20101101 0.20007
20101102 0.20024
20101103 0.20041
20101104 0.20058
20101105 0.20075
20101106 0.20092
20101107 0.20109
20101108 0.20125
20101109 0.20142
20101110 0.20158
20101111 0.20174
20101112 0.20190
20101113 0.20206
20101114 0.20222
20101115 0.20238
20101116 0.20254
20101117 0.20269
20101118 0.20285
20101119 0.20300
20101120 0.20316
20101121 0.20331
20101122 0.20346
20101123 0.20361
20101124 0.20376
20101125 0.20391
20101126 0.20405
20101127 0.20420
20101128 0.20434
20101129 0.20449
20101130 0.20463
20101201 0.20477
20101202 0.20491
20101203 0.20505
20101204 0.20519
20101205 999999.00000
20101206 0.20546
20101207 0.20559
20101208 0.20573
20101209 0.20586
20101210 0.20599
20101211 0.20612
20101212 0.20625
20101213 0.20638
20101214 0.20651
20101215 0.20664
20101216 0.20676
20101217 0.20689
20101218 0.20701
20101219 0.20713
20101220 0.20725
20101221 0.20737
20101222 0.20749
20101223 0.20761
20101224 0.20773
20101225 0.20784
20101226 0.20796
20101227 0.20807
20101228 0.20819
20101229 0.20830
20101230 0.20841
20101231 0.20852
20110101 0.20863
20110102 0.20874
20110103 0.20884
20110104 0.20895
20110105 0.20905
20110106 0.20916
20110107 0.20926
20110108 0.20936
20110109 0.20946
20110110 0.20956
20110111 0.20966
20110112 0.20976
20110113 0.20986
20110114 0.20995
20110115 0.21005
20110116 0.21014
20110117 0.21023
20110118 0.21033
20110119 0.21042
20110120 0.21051
20110121 0.21060
20110122 0.21069
20110123 0.21077
20110124 0.21086
20110125 0.21094
20110126 0.21103
20110127 0.21111
20110128 0.21119
20110129 0.21128
20110130 0.21136
20110131 0.21144
20110201 0.21152
20110202 0.21159
20110203 0.21167
20110204 0.21175
20110205 0.21182
20110206 0.21190
20110207 0.21197
20110208 0.21204
20110209 0.21211
20110210 0.21218
20110211 0.21225
20110212 0.21232
20110213 0.21239
20110214 0.21246
20110215 0.21253
20110216 0.21259
20110217 0.21266
20110218 0.21272
20110219 0.21278
20110220 0.21285
20110221 0.21291
20110222 0.21297
20110223 0.21303
20110224 0.21309
20110225 0.21315
20110226 0.21320
20110227 0.21326
20110228 0.21332
20110301 0.21337
20110302 0.21343
20110303 0.21348
20110304 0.21353
20110305 0.21358
20110306 0.21364
20110307 0.21369
20110308 0.21374
20110309 0.21379
20110310 0.21384
20110311 0.21388
20110312 0.21393
20110313 0.21398
20110314 0.21402
20110315 0.21407
20110316 0.21411
20110317 0.21416
20110318 0.21420
20110319 0.21424
20110320 0.21428
20110321 0.21433
20110322 0.21437
20110323 0.21441
20110324 0.21445
20110325 0.21449
20110326 0.21452
20110327 0.21456
20110328 0.21460
20110329 0.21464
20110330 0.21467
20110331 0.21471
20110401 0.21474
20110402 0.21478
20110403 0.21481
20110404 0.21484
20110405 0.21488
20110406 0.21491
20110407 0.21494
20110408 0.21497
20110409 0.21500
20110410 0.21504
20110411 0.21507
20110412 0.21510
20110413 0.21513
20110414 0.21515
20110415 0.21518
20110416 0.21521
20110417 0.21524
20110418 0.21527
20110419 0.21529
20110420 0.21532
20110421 0.21535
20110422 0.21537
20110423 0.21540
20110424 0.21543
20110425 0.21545
20110426 0.21548
20110427 0.21550
20110428 0.21553
20110429 0.21555
20110430 0.21558
20110501 0.21560
20110502 0.21562
20110503 0.21565
20110504 0.21567
20110505 0.21570
20110506 0.21572
20110507 0.21574
20110508 0.21577
20110509 0.21579
20110510 0.21581
20110511 0.21584
20110512 0.21586
20110513 0.21588
20110514 0.21590
20110515 0.21593
20110516 0.21595
20110517 0.21597
20110518 0.21600
20110519 0.21602
20110520 0.21604
20110521 0.21607
20110522 0.21609
20110523 0.21612
20110524 0.21614
20110525 0.21617
20110526 0.21619
20110527 0.21622
20110528 0.21624
20110529 0.21627
20110530 0.21629
20110531 0.21632
20110601 0.21635
20110602 0.21637
20110603 0.21640
20110604 0.21643
20110605 0.21646
20110606 0.21649
20110607 0.21652
20110608 0.21655
20110609 0.21658
20110610 0.21661
20110611 0.21664
20110612 0.21667
20110613 0.21671
20110614 0.21674
20110615 0.21678
20110616 0.21681
20110617 0.21685
20110618 0.21689
20110619 0.21692
20110620 0.21696
20110621 0.21700
20110622 0.21704
20110623 0.21708
20110624 0.21713
20110625 0.21717
20110626 0.21722
20110627 0.21726
20110628 0.21731
20110629 0.21736
20110630 0.21741
20110701 0.21746
20110702 0.21751
20110703 0.21756
20110704 0.21761
20110705 0.21767
20110706 0.21773
20110707 0.21778
20110708 0.21784
20110709 0.21790
20110710 0.21796
20110711 0.21803
20110712 0.21809
20110713 0.21816
20110714 0.21822
20110715 0.21829
20110716 0.21836
20110717 0.21843
20110718 0.21851
20110719 0.21858
20110720 0.21866
20110721 0.21873
20110722 0.21881
20110723 0.21889
20110724 0.21897
20110725 0.21905
20110726 0.21914
20110727 0.21922
20110728 0.21931
20110729 0.21940
20110730 0.21949
20110731 0.21958
20110801 0.21967
20110802 0.21976
20110803 0.21986
20110804 0.21995
20110805 0.22005
20110806 0.22015
20110807 0.22025
20110808 0.22035
20110809 0.22045
20110810 0.22056
20110811 0.22066
20110812 0.22077
20110813 0.22088
20110814 0.22098
20110815 0.22109
20110816 0.22120
20110817 0.22131
20110818 0.22143
20110819 0.22154
20110820 0.22165
20110821 0.22177
20110822 0.22189
20110823 0.22200
20110824 0.22212
20110825 0.22224
20110826 0.22236
20110827 0.22248
20110828 0.22260
20110829 0.22272
20110830 0.22285
20110831 0.22297
20110901 0.22309
20110902 0.22322
20110903 0.22334
20110904 0.22347
20110905 0.22360
20110906 0.22373
20110907 0.22385
20110908 0.22398
20110909 0.22411
20110910 0.22424
20110911 0.22437
20110912 0.22450
20110913 0.22463
20110914 0.22477
20110915 0.22490
20110916 0.22503
20110917 0.22516
20110918 0.22530
20110919 0.22543
20110920 0.22557
20110921 0.22570
20110922 0.22584
20110923 0.22597
20110924 0.22611
20110925 0.22624
20110926 0.22638
20110927 0.22651
20110928 0.22665
20110929 0.22679
20110930 0.22692
20111001 0.22706
20111002 0.22720
20111003 0.22734
20111004 0.22747
20111005 0.22761
20111006 0.22775
20111007 0.22789
20111008 0.22802
20111009 0.22816
20111010 0.22830
20111011 0.22844
20111012 0.22858
20111013 0.22872
20111014 0.22885
20111015 0.22899
20111016 0.22913
20111017 0.22927
20111018 0.22941
20111019 0.22955
20111020 0.22968
20111021 0.22982
20111022 0.22996
20111023 0.23010
20111024 0.23024
20111025 0.23037
20111026 0.23051
20111027 0.23065
20111028 0.23079
20111029 0.23092
20111030 0.23106
20111031 0.23120
20111101 0.23133
20111102 0.23147
20111103 0.23161
20111104 0.23174
20111105 0.23188
20111106 0.23201
20111107 0.23215
20111108 0.23228
20111109 0.23242
20111110 0.23255
20111111 0.23269
20111112 0.23282
20111113 0.23296
20111114 0.23309
20111115 0.23322
20111116 0.23336
20111117 0.23349
20111118 0.23362
20111119 0.23375
20111120 0.23388
20111121 0.23401
20111122 0.23414
20111123 0.23427
20111124 0.23440
20111125 0.23453
20111126 0.23466
20111127 0.23479
20111128 0.23492
20111129 0.23505
20111130 0.23518
20111201 0.23530
20111202 0.23543
20111203 0.23555
20111204 0.23568
20111205 0.23580
20111206 0.23593
20111207 0.23605
20111208 0.23618
20111209 0.23630
20111210 0.23642
20111211 0.23654
20111212 0.23666
20111213 0.23679
20111214 0.23691
20111215 0.23703
20111216 0.23714
20111217 0.23726
20111218 0.23738
20111219 0.23750
20111220 0.23761
20111221 0.23773
20111222 0.23785
20111223 0.23796
20111224 0.23807
20111225 0.23819
20111226 0.23830
20111227 0.23841
20111228 999999.00000
20111229 0.23864
20111230 0.23875
20111231 0.23886
20120101 0.23896
20120102 0.23907
20120103 0.23918
20120104 0.23929
20120105 0.23939
20120106 0.23950
20120107 0.23960
20120108 0.23971
20120109 0.23981
20120110 0.23991
20120111 0.24001
20120112 0.24011
20120113 0.24021
20120114 0.24031
20120115 0.24041
20120116 0.24051
20120117 0.24061
20120118 0.24070
20120119 0.24080
20120120 0.24089
20120121 0.24098
20120122 0.24108
20120123 0.24117
20120124 0.24126
20120125 0.24135
20120126 0.24144
20120127 0.24153
20120128 0.24162
20120129 0.24170
20120130 0.24179
20120131 0.24187
20120201 0.24196
20120202 0.24204
20120203 0.24212
20120204 0.24220
20120205 0.24229
20120206 0.24237
20120207 0.24244
20120208 0.24252
20120209 0.24260
20120210 0.24267
20120211 0.24275
20120212 0.24282
20120213 0.24290
20120214 0.24297
20120215 0.24304
20120216 0.24311
20120217 0.24318
20120218 0.24325
20120219 0.24331
20120220 0.24338
20120221 0.24345
20120222 0.24351
20120223 999999.00000
20120224 0.24364
20120225 0.24370
20120226 0.24376
20120227 0.24382
20120228 0.24387
20120229 0.24393
20120301 0.24399
20120302 0.24404
20120303 0.24410
20120304 0.24415
20120305 0.24420
20120306 0.24425
20120307 0.24430
20120308 0.24435
20120309 0.24440
20120310 0.24445
20120311 0.24449
20120312 0.24454
20120313 0.24458
20120314 0.24462
20120315 0.24466
20120316 0.24470
20120317 0.24474
20120318 0.24478
20120319 0.24482
20120320 0.24485
20120321 0.24489
20120322 0.24492
20120323 0.24495
20120324 0.24498
20120325 0.24501
20120326 0.24504
20120327 0.24507
20120328 0.24510
20120329 0.24512
20120330 0.24514
20120331 0.24517
20120401 0.24519
20120402 0.24521
20120403 0.24523
20120404 0.24525
20120405 0.24527
20120406 0.24528
20120407 0.24530
20120408 0.24531
20120409 0.24532
20120410 0.24533
20120411 0.24534
20120412 0.24535
20120413 0.24536
20120414 0.24537
20120415 0.24537
20120416 0.24538
20120417 0.24538
20120418 0.24538
20120419 0.24538
20120420 0.24538
20120421 0.24538
20120422 0.24538
20120423 0.24537
20120424 0.24537
20120425 0.24536
20120426 0.24535
20120427 0.24534
20120428 0.24533
20120429 0.24532
20120430 0.24531
20120501 0.24530
20120502 0.24528
20120503 0.24526
20120504 0.24525
20120505 0.24523
20120506 0.24521
20120507 0.24519
20120508 0.24516
20120509 0.24514
20120510 0.24511
20120511 0.24509
20120512 0.24506
20120513 0.24503
20120514 0.24500
20120515 0.24497
20120516 0.24494
20120517 0.24490
20120518 0.24487
20120519 0.24483
20120520 0.24479
20120521 0.24475
20120522 0.24471
20120523 0.24467
20120524 0.24463
20120525 0.24458
20120526 0.24454
20120527 0.24449
20120528 0.24444
20120529 0.24439
20120530 0.24434
20120531 0.24429
20120601 0.24424
20120602 0.24419
20120603 0.24413
20120604 0.24407
20120605 0.24402
20120606 0.24396
20120607 0.24390
20120608 0.24383
20120609 0.24377
20120610 0.24371
20120611 0.24364
20120612 0.24357
20120613 0.24350
20120614 0.24344
20120615 0.24336
20120616 0.24329
20120617 0.24322
20120618 0.24314
20120619 0.24307
20120620 0.24299
20120621 0.24291
20120622 0.24283
20120623 0.24275
20120624 0.24267
20120625 0.24259
20120626 0.24250
20120627 0.24242
20120628 0.24233
20120629 0.24224
20120630 0.24215
20120701 0.24206
20120702 0.24197
20120703 0.24187
20120704 0.24178
20120705 0.24168
20120706 0.24159
20120707 0.24149
20120708 0.24139
20120709 0.24129
20120710 0.24118
20120711 0.24108
20120712 0.24098
20120713 0.24087
20120714 0.24076
20120715 0.24065
20120716 0.24055
20120717 0.24043
20120718 0.24032
20120719 0.24021
20120720 0.24009
20120721 0.23998
20120722 0.23986
20120723 0.23974
20120724 0.23962
20120725 0.23950
20120726 0.23938
20120727 0.23926
20120728 0.23913
20120729 0.23901
20120730 0.23888
20120731 0.23875
20120801 0.23862
20120802 0.23849
20120803 0.23836
20120804 0.23823
20120805 0.23810
20120806 0.23796
20120807 0.23783
20120808 0.23769
20120809 0.23755
20120810 0.23741
20120811 0.23727
20120812 0.23713
20120813 0.23698
20120814 0.23684
20120815 0.23669
20120816 0.23655
20120817 0.23640
20120818 0.23625
20120819 0.23610
20120820 0.23595
20120821 0.23580
20120822 0.23564
20120823 0.23549
20120824 0.23533
20120825 0.23518
20120826 0.23502
20120827 0.23486
20120828 0.23470
20120829 0.23454
20120830 0.23438
20120831 0.23421
20120901 0.23405
20120902 0.23388
20120903 0.23372
20120904 0.23355
20120905 0.23338
20120906 999999.00000
20120907 0.23304
20120908 0.23287
20120909 0.23270
20120910 0.23252
20120911 0.23235
20120912 0.23217
20120913 0.23199
20120914 0.23182
20120915 0.23164
20120916 0.23146
20120917 0.23128
20120918 0.23109
20120919 0.23091
20120920 0.23073
20120921 0.23054
20120922 0.23036
20120923 0.23017
20120924 0.22998
20120925 0.22979
20120926 0.22960
20120927 0.22941
20120928 0.22922
20120929 0.22903
20120930 0.22884
20121001 0.22864
20121002 0.22845
20121003 0.22825
20121004 0.22805
20121005 0.22786
20121006 0.22766
20121007 0.22746
20121008 0.22726
20121009 0.22706
20121010 0.22686
20121011 0.22665
20121012 0.22645
20121013 0.22624
20121014 0.22604
20121015 0.22583
20121016 0.22563
20121017 0.22542
20121018 0.22521
20121019 0.22500
20121020 0.22479
20121021 0.22458
20121022 0.22437
20121023 0.22415
20121024 0.22394
20121025 0.22373
20121026 0.22351
20121027 0.22330
20121028 0.22308
20121029 0.22286
20121030 0.22265
20121031 0.22243
20121101 0.22221
20121102 0.22199
20121103 0.22177
20121104 0.22155
20121105 0.22133
20121106 0.22111
20121107 0.22088
20121108 0.22066
20121109 0.22044
20121110 0.22021
20121111 0.21999
20121112 0.21976
20121113 0.21954
20121114 0.21931
20121115 0.21908
20121116 0.21885
20121117 0.21862
20121118 0.21840
20121119 0.21817
20121120 0.21794
20121121 0.21771
20121122 0.21748
20121123 0.21724
20121124 0.21701
20121125 0.21678
20121126 0.21655
20121127 0.21631
20121128 0.21608
20121129 0.21585
20121130 0.21561
20121201 0.21538
20121202 0.21514
20121203 0.21491
20121204 0.21467
20121205 0.21444
20121206 0.21420
20121207 0.21396
20121208 0.21373
20121209 0.21349
20121210 0.21325
20121211 0.21301
20121212 0.21278
20121213 0.21254
20121214 0.21230
20121215 0.21206
20121216 0.21182
20121217 0.21158
20121218 0.21134
20121219 0.21111
20121220 0.21087
20121221 0.21063
20121222 0.21039
20121223 0.21015
20121224 0.20991
20121225 0.20967
20121226 0.20943
20121227 0.20919
20121228 0.20895
20121229 0.20871
20121230 0.20847
20121231 0.20823
20130101 0.20799
20130102 0.20775
20130103 0.20751
20130104 0.20727
20130105 999999.00000
20130106 0.20679
20130107 0.20655
20130108 0.20631
20130109 0.20607
20130110 0.20583
20130111 0.20560
20130112 0.20536
20130113 0.20512
20130114 0.20488
20130115 0.20465
20130116 0.20441
20130117 0.20417
20130118 0.20394
20130119 0.20370
20130120 0.20347
20130121 0.20323
20130122 0.20300
20130123 0.20276
20130124 0.20253
20130125 0.20230
20130126 0.20206
20130127 0.20183
20130128 0.20160
20130129 0.20137
20130130 0.20114
20130131 0.20091
20130201 0.20068
20130202 0.20046
20130203 0.20023
20130204 0.20000
20130205 0.19978
20130206 0.19956
20130207 0.19933
20130208 0.19911
20130209 0.19889
20130210 0.19867
20130211 0.19845
20130212 0.19823
20130213 0.19802
20130214 0.19780
20130215 0.19759
20130216 0.19737
20130217 0.19716
20130218 0.19695
20130219 0.19674
20130220 0.19654
20130221 0.19633
20130222 0.19612
20130223 0.19592
20130224 0.19572
20130225 0.19552
20130226 0.19532
20130227 0.19513
20130228 0.19493
20130301 0.19474
20130302 0.19455
20130303 0.19436
20130304 0.19417
20130305 0.19399
20130306 0.19380
20130307 0.19362
20130308 0.19344
20130309 0.19327
20130310 0.19309
20130311 0.19292
20130312 0.19275
20130313 0.19258
20130314 0.19241
20130315 0.19225
20130316 0.19209
20130317 0.19193
20130318 0.19177
20130319 0.19162
20130320 0.19147
20130321 0.19132
20130322 0.19117
20130323 0.19102
20130324 0.19088
20130325 0.19074
20130326 0.19060
20130327 0.19047
20130328 0.19033
20130329 0.19020
20130330 0.19007
20130331 0.18995
20130401 0.18982
20130402 0.18970
20130403 0.18958
20130404 0.18947
20130405 0.18935
20130406 0.18924
20130407 0.18913
20130408 0.18902
20130409 0.18892
20130410 0.18881
20130411 0.18871
20130412 0.18861
20130413 0.18851
20130414 0.18842
20130415 0.18833
20130416 0.18823
20130417 0.18814
20130418 0.18806
20130419 0.18797
20130420 0.18789
20130421 0.18780
20130422 0.18772
20130423 0.18764
20130424 0.18757
20130425 0.18749
20130426 0.18742
20130427 0.18735
20130428 0.18727
20130429 0.18721
20130430 0.18714
20130501 0.18707
20130502 0.18701
20130503 0.18694
20130504 0.18688
20130505 0.18682
20130506 0.18676
20130507 0.18670
20130508 0.18664
20130509 0.18659
20130510 0.18653
20130511 0.18648
20130512 0.18643
20130513 0.18638
20130514 0.18632
20130515 0.18628
20130516 0.18623
20130517 0.18618
20130518 0.18613
20130519 0.18609
20130520 0.18604
20130521 0.18600
20130522 0.18596
20130523 0.18592
20130524 0.18587
20130525 0.18583
20130526 0.18580
20130527 0.18576
20130528 0.18572
20130529 0.18568
20130530 0.18565
20130531 0.18561
20130601 0.18558
20130602 0.18554
20130603 0.18551
20130604 0.18548
20130605 0.18544
20130606 0.18541
20130607 0.18538
20130608 0.18535
20130609 0.18532
20130610 0.18529
20130611 0.18526
20130612 0.18523
20130613 0.18521
20130614 0.18518
20130615 0.18515
20130616 0.18513
20130617 0.18510
20130618 0.18507
20130619 0.18505
20130620 0.18503
20130621 0.18500
20130622 0.18498
20130623 0.18495
20130624 0.18493
20130625 0.18491
20130626 0.18489
20130627 0.18486
20130628 0.18484
20130629 0.18482
20130630 0.18480
20130701 0.18478
20130702 0.18476
20130703 0.18474
20130704 0.18472
20130705 0.18470
20130706 0.18468
20130707 0.18466
20130708 0.18464
20130709 0.18462
20130710 0.18460
20130711 0.18458
20130712 0.18456
20130713 0.18454
20130714 0.18453
20130715 0.18451
20130716 0.18449
20130717 0.18447
20130718 0.18445
20130719 0.18443
20130720 0.18442
20130721 0.18440
20130722 0.18438
20130723 0.18436
20130724 0.18434
20130725 0.18433
20130726 0.18431
20130727 0.18429
20130728 0.18427
20130729 0.18426
20130730 0.18424
20130731 0.18422
20130801 0.18420
20130802 0.18418
20130803 0.18417
20130804 0.18415
20130805 0.18413
20130806 0.18411
20130807 0.18409
20130808 0.18407
20130809 0.18405
20130810 0.18404
20130811 0.18402
20130812 0.18400
20130813 0.18398
20130814 0.18396
20130815 0.18394
20130816 0.18392
20130817 0.18390
20130818 0.18388
20130819 0.18386
20130820 0.18384
20130821 0.18381
20130822 0.18379
20130823 0.18377
20130824 0.18375
20130825 0.18373
20130826 0.18370
20130827 0.18368
20130828 0.18366
20130829 0.18363
20130830 0.18361
20130831 0.18359
20130901 0.18356
20130902 0.18354
20130903 0.18351
20130904 0.18349
20130905 0.18346
20130906 0.18343
20130907 0.18341
20130908 0.18338
20130909 0.18335
20130910 0.18332
20130911 0.18330
20130912 0.18327
20130913 0.18324
20130914 0.18321
20130915 0.18318
20130916 0.18315
20130917 0.18312
20130918 999999.00000
20130919 0.18305
20130920 0.18302
20130921 0.18299
20130922 0.18295
20130923 0.18292
20130924 0.18288
20130925 0.18285
20130926 0.18281
20130927 0.18278
20130928 0.18274
20130929 0.18270
20130930 0.18266
20131001 0.18262
20131002 0.18258
20131003 0.18254
20131004 0.18250
20131005 0.18246
20131006 0.18242
20131007 0.18238
20131008 0.18234
20131009 0.18229
20131010 0.18225
20131011 0.18220
20131012 0.18216
20131013 0.18211
20131014 0.18206
20131015 0.18201
20131016 0.18197
20131017 0.18192
20131018 0.18187
20131019 0.18182
20131020 0.18176
20131021 0.18171
20131022 0.18166
20131023 0.18161
20131024 0.18155
20131025 0.18150
20131026 0.18144
20131027 0.18138
20131028 0.18132
20131029 0.18127
20131030 0.18121
20131031 0.18115
20131101 0.18109
20131102 0.18102
20131103 0.18096
20131104 0.18090
20131105 0.18083
20131106 0.18077
20131107 0.18070
20131108 0.18063
20131109 0.18057
20131110 0.18050
20131111 0.18043
20131112 0.18036
20131113 0.18029
20131114 0.18021
20131115 0.18014
20131116 0.18007
20131117 0.17999
20131118 0.17992
20131119 0.17984
20131120 0.17976
20131121 0.17968
20131122 0.17960
20131123 0.17952
20131124 0.17944
20131125 0.17936
20131126 0.17927
20131127 0.17919
20131128 0.17910
20131129 0.17902
20131130 0.17893
20131201 0.17884
20131202 0.17875
20131203 0.17866
20131204 0.17857
20131205 0.17847
20131206 0.17838
20131207 0.17828
20131208 0.17819
20131209 0.17809
20131210 0.17799
20131211 0.17789
20131212 0.17779
20131213 0.17769
20131214 0.17759
20131215 0.17748
20131216 0.17738
20131217 0.17727
20131218 0.17716
20131219 0.17706
20131220 0.17695
20131221 0.17684
20131222 0.17672
20131223 0.17661
20131224 0.17650
20131225 0.17638
20131226 0.17627
20131227 0.17615
20131228 0.17603
20131229 0.17591
20131230 0.17579
20131231 0.17567
20140101 0.17554
20140102 0.17542
20140103 0.17529
20140104 0.17516
20140105 0.17504
20140106 0.17491
20140107 0.17478
20140108 0.17464
20140109 0.17451
20140110 0.17438
20140111 0.17424
20140112 0.17410
20140113 0.17396
20140114 0.17382
20140115 0.17368
20140116 0.17354
20140117 0.17340
20140118 0.17325
20140119 0.17311
20140120 0.17296
20140121 0.17281
20140122 0.17266
20140123 0.17251
20140124 0.17236
20140125 0.17220
20140126 0.17205
20140127 0.17189
20140128 0.17173
20140129 0.17157
20140130 0.17141
20140131 0.17125
20140201 0.17109
20140202 0.17092
20140203 0.17076
20140204 0.17059
20140205 0.17042
20140206 0.17025
20140207 0.17008
20140208 0.16991
20140209 0.16973
20140210 0.16956
20140211 0.16938
20140212 0.16920
20140213 0.16902
20140214 0.16884
20140215 0.16866
20140216 0.16848
20140217 0.16829
20140218 0.16810
20140219 0.16792
20140220 0.16773
20140221 0.16753
20140222 0.16734
20140223 0.16715
20140224 0.16695
20140225 0.16676
20140226 0.16656
20140227 0.16636
20140228 0.16616
20140301 0.16596
20140302 0.16575
20140303 0.16555
20140304 0.16534
20140305 0.16513
20140306 0.16492
20140307 0.16471
20140308 0.16450
20140309 0.16428
20140310 0.16407
20140311 0.16385
20140312 0.16363
20140313 0.16341
20140314 0.16319
20140315 0.16296
20140316 0.16274
20140317 0.16251
20140318 0.16229
20140319 0.16206
20140320 0.16183
20140321 0.16159
20140322 0.16136
20140323 0.16112
20140324 0.16089
20140325 0.16065
20140326 0.16041
20140327 0.16017
20140328 0.15993
20140329 0.15968
20140330 0.15944
20140331 0.15919
20140401 0.15894
20140402 0.15869
20140403 0.15844
20140404 0.15818
20140405 0.15793
20140406 0.15767
20140407 0.15741
20140408 0.15715
20140409 0.15689
20140410 0.15663
20140411 0.15636
20140412 0.15610
20140413 0.15583
20140414 0.15556
20140415 0.15529
20140416 0.15502
20140417 0.15474
20140418 0.15447
20140419 0.15419
20140420 0.15391
20140421 0.15363
20140422 0.15335
20140423 0.15307
20140424 0.15278
20140425 0.15249
20140426 0.15221
20140427 0.15192
20140428 0.15162
20140429 0.15133
20140430 0.15104
20140501 0.15074
20140502 0.15044
20140503 0.15014
20140504 0.14984
20140505 0.14954
20140506 0.14924
20140507 0.14893
20140508 0.14862
20140509 0.14831
20140510 0.14800
20140511 0.14769
20140512 0.14738
20140513 0.14706
20140514 0.14674
20140515 0.14643
20140516 0.14611
20140517 0.14578
20140518 0.14546
20140519 0.14513
20140520 0.14481
20140521 0.14448
20140522 0.14415
20140523 0.14382
20140524 0.14348
20140525 0.14315
20140526 0.14281
20140527 0.14248
20140528 0.14214
20140529 0.14179
20140530 0.14145
20140531 0.14111
20140601 0.14076
20140602 0.14041
20140603 0.14006
20140604 0.13971
20140605 0.13936
20140606 0.13901
20140607 0.13865
20140608 0.13829
20140609 0.13793
20140610 0.13757
20140611 0.13721
20140612 0.13685
20140613 0.13648
20140614 0.13611
20140615 0.13574
20140616 0.13537
20140617 0.13500
20140618 0.13463
20140619 0.13425
20140620 0.13388
20140621 0.13350
20140622 0.13312
20140623 0.13274
20140624 0.13235
20140625 0.13197
20140626 0.13158
20140627 0.13119
20140628 0.13080
20140629 0.13041
20140630 0.13002
20140701 0.12962
20140702 0.12923
20140703 0.12883
20140704 0.12843
20140705 0.12803
20140706 0.12762
20140707 0.12722
20140708 0.12681
20140709 0.12640
20140710 0.12600
20140711 0.12558
20140712 0.12517
20140713 0.12476
20140714 0.12434
20140715 0.12392
20140716 0.12350
20140717 0.12308
20140718 0.12266
20140719 0.12224
20140720 0.12181
20140721 0.12138
20140722 0.12096
20140723 0.12053
20140724 0.12009
20140725 0.11966
20140726 0.11923
20140727 0.11879
20140728 0.11835
20140729 0.11791
20140730 0.11747
20140731 0.11703
20140801 0.11658
20140802 0.11613
20140803 0.11569
20140804 0.11524
20140805 0.11479
20140806 0.11433
20140807 0.11388
20140808 0.11342
20140809 0.11297
20140810 0.11251
20140811 0.11205
20140812 0.11158
20140813 0.11112
20140814 0.11065
20140815 0.11019
20140816 0.10972
20140817 0.10925
20140818 0.10878
20140819 0.10830
20140820 0.10783
20140821 0.10735
20140822 0.10688
20140823 0.10640
20140824 0.10592
20140825 0.10543
20140826 0.10495
20140827 0.10446
20140828 0.10398
20140829 0.10349
20140830 0.10300
20140831 0.10251
20140901 0.10201
20140902 0.10152
20140903 0.10102
20140904 0.10052
20140905 0.10002
20140906 0.09952
20140907 0.09902
20140908 0.09852
20140909 0.09801
20140910 0.09750
20140911 0.09699
20140912 0.09648
20140913 0.09597
20140914 0.09546
20140915 0.09495
20140916 0.09443
20140917 0.09391
20140918 0.09339
20140919 0.09287
20140920 0.09235
20140921 0.09183
20140922 0.09130
20140923 0.09077
20140924 0.09025
20140925 0.08972
20140926 0.08919
20140927 0.08865
20140928 0.08812
20140929 0.08758
20140930 0.08705
20141001 0.08651
20141002 0.08597
20141003 0.08543
20141004 0.08489
20141005 0.08434
20141006 0.08380
20141007 0.08325
20141008 0.08270
20141009 0.08215
20141010 0.08160
20141011 0.08105
20141012 0.08049
20141013 0.07994
20141014 0.07938
20141015 0.07882
20141016 0.07826
20141017 0.07770
20141018 0.07714
20141019 0.07657
20141020 0.07601
20141021 0.07544
20141022 0.07487
20141023 0.07430
20141024 0.07373
20141025 0.07316
20141026 0.07258
20141027 0.07201
20141028 0.07143
20141029 0.07085
20141030 0.07028
20141031 0.06969
20141101 0.06911
20141102 0.06853
20141103 0.06794
20141104 0.06736
20141105 0.06677
20141106 0.06618
20141107 0.06559
20141108 0.06500
20141109 0.06441
20141110 0.06381
20141111 0.06322
20141112 0.06262
20141113 0.06202
20141114 0.06142
20141115 0.06082
20141116 0.06022
20141117 0.05962
20141118 0.05901
20141119 0.05841
20141120 0.05780
20141121 0.05719
20141122 0.05658
20141123 0.05597
20141124 0.05536
20141125 0.05475
20141126 0.05413
20141127 0.05352
20141128 0.05290
20141129 0.05228
20141130 0.05166
20141201 0.05104
20141202 0.05042
20141203 0.04979
20141204 0.04917
20141205 0.04854
20141206 0.04792
20141207 0.04729
20141208 0.04666
20141209 0.04603
20141210 0.04540
20141211 0.04476
20141212 0.04413
20141213 0.04349
20141214 0.04286
20141215 0.04222
20141216 0.04158
20141217 0.04094
20141218 0.04030
20141219 0.03966
20141220 0.03901
20141221 0.03837
20141222 0.03772
20141223 0.03708
20141224 0.03643
20141225 0.03578
20141226 0.03513
20141227 0.03448
20141228 0.03382
20141229 0.03317
20141230 0.03252
20141231 0.03186
20150101 0.03120
20150102 0.03055
20150103 0.02989
20150104 0.02923
20150105 0.02857
20150106 0.02790
20150107 0.02724
20150108 0.02658
20150109 0.02591
20150110 0.02524
20150111 0.02458
20150112 0.02391
20150113 0.02324
20150114 0.02257
20150115 0.02190
20150116 0.02122
20150117 0.02055
20150118 0.01988
20150119 0.01920
20150120 0.01852
20150121 0.01785
20150122 0.01717
20150123 0.01649
20150124 0.01581
20150125 0.01513
20150126 0.01444
20150127 0.01376
20150128 0.01308
20150129 0.01239
20150130 0.01171
20150131 0.01102
20150201 0.01033
20150202 0.00964
20150203 0.00895
20150204 0.00826
20150205 0.00757
20150206 0.00688
20150207 0.00619
20150208 0.00549
20150209 0.00480
20150210 0.00410
20150211 0.00340
20150212 0.00271
20150213 0.00201
20150214 0.00131
20150215 0.00061
20150216 -0.00009
20150217 -0.00079
20150218 -0.00150
20150219 -0.00220
20150220 -0.00290
20150221 -0.00361
20150222 -0.00431
20150223 -0.00502
20150224 -0.00573
20150225 -0.00644
20150226 -0.00715
20150227 -0.00786
20150228 -0.00857
20150301 -0.00928
20150302 -0.00999
20150303 -0.01070
20150304 -0.01141
20150305 -0.01213
20150306 -0.01284
20150307 -0.01356
20150308 -0.01427
20150309 -0.01499
20150310 -0.01571
20150311 -0.01643
20150312 -0.01715
20150313 -0.01787
20150314 -0.01859
20150315 -0.01931
20150316 -0.02003
20150317 -0.02075
20150318 -0.02147
20150319 -0.02220
20150320 -0.02292
20150321 -0.02365
20150322 -0.02437
20150323 -0.02510
20150324 -0.02582
20150325 -0.02655
20150326 -0.02728
20150327 -0.02801
20150328 -0.02874
20150329 -0.02946
20150330 -0.03019
20150331 -0.03093
20150401 -0.03166
20150402 -0.03239
20150403 -0.03312
20150404 -0.03385
20150405 -0.03459
20150406 -0.03532
20150407 -0.03605
20150408 -0.03679
20150409 -0.03752
20150410 -0.03826
20150411 -0.03900
20150412 -0.03973
20150413 -0.04047
20150414 -0.04121
20150415 -0.04194
20150416 -0.04268
20150417 -0.04342
20150418 -0.04416
20150419 -0.04490
20150420 -0.04564
20150421 -0.04638
20150422 -0.04712
20150423 -0.04786
20150424 -0.04861
20150425 -0.04935
20150426 -0.05009
20150427 -0.05083
20150428 -0.05158
20150429 -0.05232
20150430 -0.05306
20150501 -0.05381
20150502 -0.05455
20150503 -0.05530
20150504 -0.05604
20150505 -0.05679
20150506 -0.05753
20150507 -0.05828
20150508 -0.05903
20150509 -0.05977
20150510 -0.06052
20150511 -0.06127
20150512 -0.06201
20150513 -0.06276
20150514 -0.06351
20150515 -0.06426
20150516 -0.06501
20150517 -0.06575
20150518 -0.06650
20150519 -0.06725
20150520 -0.06800
20150521 -0.06875
20150522 -0.06950
20150523 -0.07025
20150524 -0.07100
20150525 -0.07175
20150526 -0.07250
20150527 -0.07325
20150528 -0.07400
20150529 -0.07475
20150530 -0.07550
20150531 -0.07625
20150601 -0.07701
20150602 -0.07776
20150603 -0.07851
20150604 -0.07926
20150605 -0.08001
20150606 -0.08076
20150607 -0.08151
20150608 -0.08227
20150609 -0.08302
20150610 -0.08377
20150611 -0.08452
20150612 -0.08527
20150613 -0.08602
20150614 -0.08678
20150615 -0.08753
20150616 -0.08828
20150617 -0.08903
20150618 -0.08978
20150619 -0.09053
20150620 -0.09129
20150621 -0.09204
20150622 -0.09279
20150623 -0.09354
20150624 -0.09429
20150625 -0.09504
20150626 -0.09580
20150627 -0.09655
20150628 -0.09730
20150629 -0.09805
20150630 -0.09880
20150701 -0.09955
20150702 -0.10030
20150703 -0.10105
20150704 -0.10180
20150705 -0.10255
20150706 -0.10330
20150707 -0.10405
20150708 -0.10480
20150709 -0.10555
20150710 -0.10630
20150711 -0.10705
20150712 -0.10780
20150713 -0.10855
20150714 -0.10930
20150715 -0.11005
20150716 -0.11079
20150717 -0.11154
20150718 -0.11229
20150719 -0.11304
20150720 -0.11378
20150721 -0.11453
20150722 -0.11528
20150723 -0.11602
20150724 -0.11677
20150725 -0.11752
20150726 -0.11826
20150727 -0.11901
20150728 -0.11975
20150729 -0.12050
20150730 -0.12124
20150731 -0.12198
20150801 -0.12273
20150802 -0.12347
20150803 -0.12421
20150804 -0.12496
20150805 -0.12570
20150806 -0.12644
20150807 -0.12718
20150808 -0.12792
20150809 -0.12866
20150810 -0.12940
20150811 -0.13014
20150812 -0.13088
20150813 -0.13162
20150814 -0.13236
20150815 -0.13309
20150816 -0.13383
20150817 -0.13457
20150818 -0.13530
20150819 -0.13604
20150820 -0.13678
20150821 -0.13751
20150822 -0.13824
20150823 -0.13898
20150824 -0.13971
20150825 -0.14044
20150826 -0.14118
20150827 -0.14191
20150828 -0.14264
20150829 -0.14337
20150830 -0.14410
20150831 -0.14483
20150901 -0.14556
20150902 -0.14628
20150903 -0.14701
20150904 -0.14774
20150905 -0.14846
20150906 -0.14919
20150907 -0.14991
20150908 -0.15064
20150909 -0.15136
20150910 -0.15208
20150911 -0.15281
20150912 -0.15353
20150913 -0.15425
20150914 -0.15497
20150915 -0.15569
20150916 -0.15641
20150917 -0.15712
20150918 -0.15784
20150919 -0.15856
20150920 -0.15927
20150921 -0.15999
20150922 -0.16070
20150923 -0.16142
20150924 -0.16213
20150925 -0.16284
20150926 -0.16355
20150927 -0.16426
20150928 -0.16497
20150929 -0.16568
20150930 -0.16639
20151001 -0.16709
20151002 -0.16780
20151003 -0.16850
20151004 -0.16921
20151005 -0.16991
20151006 -0.17061
20151007 -0.17132
20151008 -0.17202
20151009 -0.17272
20151010 -0.17342
20151011 -0.17411
20151012 -0.17481
20151013 -0.17551
20151014 -0.17620
20151015 -0.17690
20151016 -0.17759
20151017 -0.17828
20151018 -0.17897
20151019 -0.17966
20151020 -0.18035
20151021 -0.18104
20151022 -0.18173
20151023 -0.18242
20151024 -0.18310
20151025 -0.18379
20151026 -0.18447
20151027 -0.18515
20151028 -0.18583
20151029 -0.18651
20151030 -0.18719
20151031 -0.18787
20151101 -0.18855
20151102 -0.18922
20151103 -0.18990
20151104 -0.19057
20151105 -0.19124
20151106 -0.19191
20151107 -0.19258
20151108 -0.19325
20151109 -0.19392
20151110 -0.19459
20151111 -0.19525
20151112 -0.19592
20151113 -0.19658
20151114 -0.19724
20151115 -0.19790
20151116 -0.19856
20151117 -0.19922
20151118 -0.19988
20151119 -0.20054
20151120 -0.20119
20151121 -0.20184
20151122 -0.20250
20151123 -0.20315
20151124 -0.20380
20151125 -0.20444
20151126 -0.20509
20151127 -0.20574
20151128 -0.20638
20151129 -0.20702
20151130 -0.20767
20151201 -0.20831
20151202 -0.20895
20151203 -0.20958
20151204 -0.21022
20151205 -0.21085
20151206 -0.21149
20151207 -0.21212
20151208 -0.21275
20151209 -0.21338
20151210 -0.21401
20151211 -0.21463
20151212 -0.21526
20151213 -0.21588
20151214 -0.21650
20151215 -0.21713
20151216 -0.21774
20151217 -0.21836
20151218 -0.21898
20151219 -0.21959
20151220 -0.22021
20151221 -0.22082
20151222 -0.22143
20151223 -0.22204
20151224 -0.22264
20151225 -0.22325
20151226 -0.22385
20151227 -0.22445
20151228 -0.22506
20151229 -0.22565
20151230 -0.22625
20151231 -0.22685
20160101 -0.22744
20160102 -0.22804
20160103 -0.22863
20160104 -0.22922
20160105 -0.22980
20160106 -0.23039
20160107 -0.23097
20160108 -0.23156
20160109 -0.23214
20160110 -0.23272
20160111 -0.23329
20160112 -0.23387
20160113 -0.23444
20160114 -0.23502
20160115 -0.23559
20160116 -0.23616
20160117 -0.23672
20160118 -0.23729
20160119 -0.23785
20160120 -0.23841
20160121 -0.23897
20160122 -0.23953
20160123 -0.24009
20160124 -0.24064
20160125 -0.24119
20160126 -0.24174
20160127 -0.24229
20160128 -0.24284
20160129 -0.24338
20160130 -0.24392
20160131 -0.24447
20160201 -0.24500
20160202 -0.24554
20160203 -0.24608
20160204 -0.24661
20160205 -0.24714
20160206 -0.24767
20160207 -0.24820
20160208 -0.24872
20160209 -0.24924
20160210 -0.24976
20160211 -0.25028
20160212 -0.25080
20160213 -0.25131
20160214 -0.25183
20160215 -0.25234
20160216 -0.25285
20160217 -0.25335
20160218 -0.25386
20160219 -0.25436
20160220 -0.25486
20160221 -0.25535
20160222 -0.25585
20160223 -0.25634
20160224 -0.25683
20160225 -0.25732
20160226 -0.25781
20160227 -0.25829
20160228 -0.25877
20160229 -0.25925
20160301 -0.25973
20160302 -0.26020
20160303 -0.26068
20160304 -0.26115
20160305 -0.26161
20160306 -0.26208
20160307 -0.26254
20160308 -0.26300
20160309 -0.26346
20160310 -0.26391
20160311 -0.26437
20160312 -0.26482
20160313 -0.26527
20160314 -0.26571
20160315 -0.26615
20160316 -0.26659
20160317 -0.26703
20160318 999999.00000
20160319 -0.26790
20160320 -0.26833
20160321 -0.26876
20160322 -0.26918
20160323 -0.26960
20160324 999999.00000
20160325 -0.27044
20160326 -0.27086
20160327 -0.27127
20160328 -0.27168
20160329 -0.27208
20160330 -0.27249
20160331 -0.27289
20160401 -0.27328
20160402 -0.27368
20160403 -0.27407
20160404 -0.27446
20160405 -0.27485
20160406 -0.27523
20160407 -0.27561
20160408 -0.27599
20160409 -0.27636
20160410 -0.27674
20160411 -0.27711
20160412 -0.27747
20160413 -0.27783
20160414 -0.27819
20160415 -0.27855
20160416 -0.27891
20160417 -0.27926
20160418 -0.27961
20160419 -0.27995
20160420 -0.28029
20160421 -0.28063
20160422 -0.28097
20160423 -0.28130
20160424 -0.28163
20160425 -0.28196
20160426 -0.28228
20160427 -0.28260
20160428 -0.28292
20160429 -0.28324
20160430 -0.28355
20160501 -0.28386
20160502 -0.28416
20160503 -0.28446
20160504 -0.28476
20160505 -0.28506
20160506 -0.28535
20160507 -0.28564
20160508 -0.28593
20160509 -0.28621
20160510 -0.28649
20160511 -0.28677
20160512 -0.28704
20160513 -0.28731
20160514 -0.28758
20160515 -0.28784
20160516 -0.28810
20160517 -0.28836
20160518 -0.28862
20160519 -0.28887
20160520 -0.28912
20160521 -0.28936
20160522 -0.28960
20160523 -0.28984
20160524 -0.29008
20160525 -0.29031
20160526 -0.29054
20160527 -0.29077
20160528 -0.29099
20160529 -0.29121
20160530 -0.29143
20160531 -0.29164
20160601 -0.29186
20160602 -0.29206
20160603 -0.29227
20160604 -0.29247
20160605 -0.29267
20160606 -0.29287
20160607 -0.29306
20160608 -0.29325
20160609 -0.29344
20160610 -0.29362
20160611 -0.29381
20160612 -0.29398
20160613 -0.29416
20160614 -0.29433
20160615 -0.29450
20160616 -0.29467
20160617 -0.29484
20160618 -0.29500
20160619 -0.29516
20160620 -0.29531
20160621 -0.29547
20160622 -0.29562
20160623 -0.29577
20160624 -0.29591
20160625 -0.29605
20160626 -0.29620
20160627 -0.29633
20160628 -0.29647
20160629 -0.29660
20160630 -0.29673
20160701 -0.29686
20160702 -0.29698
20160703 -0.29711
20160704 -0.29723
20160705 -0.29734
20160706 -0.29746
20160707 -0.29757
20160708 -0.29768
20160709 -0.29779
20160710 -0.29789
20160711 -0.29800
20160712 -0.29810
20160713 -0.29820
20160714 -0.29829
20160715 -0.29839
20160716 -0.29848
20160717 -0.29857
20160718 -0.29866
20160719 -0.29874
20160720 -0.29882
20160721 -0.29890
20160722 -0.29898
20160723 -0.29906
20160724 -0.29913
20160725 -0.29921
20160726 -0.29928
20160727 -0.29934
20160728 -0.29941
20160729 -0.29948
20160730 -0.29954
20160731 -0.29960
20160801 -0.29966
20160802 -0.29971
20160803 -0.29977
20160804 -0.29982
20160805 -0.29987
20160806 -0.29992
20160807 -0.29997
20160808 -0.30001
20160809 -0.30005
20160810 -0.30009
20160811 -0.30013
20160812 -0.30017
20160813 -0.30021
20160814 -0.30024
20160815 -0.30028
20160816 -0.30031
20160817 -0.30034
20160818 -0.30036
20160819 -0.30039
20160820 -0.30041
20160821 -0.30044
20160822 -0.30046
20160823 -0.30048
20160824 -0.30049
20160825 -0.30051
20160826 -0.30052
20160827 -0.30054
20160828 -0.30055
20160829 -0.30056
20160830 -0.30057
20160831 -0.30057
20160901 -0.30058
20160902 -0.30058
20160903 -0.30059
20160904 -0.30059
20160905 -0.30059
20160906 -0.30058
20160907 -0.30058
20160908 -0.30058
20160909 -0.30057
20160910 -0.30056
20160911 -0.30055
20160912 -0.30054
20160913 -0.30053
20160914 -0.30052
20160915 -0.30051
20160916 -0.30049
20160917 -0.30047
20160918 -0.30046
20160919 -0.30044
20160920 -0.30042
20160921 -0.30039
20160922 -0.30037
20160923 -0.30035
20160924 -0.30032
20160925 -0.30029
20160926 -0.30027
20160927 -0.30024
20160928 -0.30021
20160929 -0.30018
20160930 -0.30014
20161001 -0.30011
20161002 -0.30008
20161003 -0.30004
20161004 -0.30000
20161005 -0.29997
20161006 -0.29993
20161007 -0.29989
20161008 -0.29984
20161009 -0.29980
20161010 -0.29976
20161011 -0.29971
20161012 -0.29967
20161013 -0.29962
20161014 -0.29958
20161015 -0.29953
20161016 -0.29948
20161017 -0.29943
20161018 -0.29938
20161019 -0.29932
20161020 -0.29927
20161021 -0.29922
20161022 -0.29916
20161023 -0.29910
20161024 -0.29905
20161025 -0.29899
20161026 -0.29893
20161027 -0.29887
20161028 -0.29881
20161029 -0.29875
20161030 -0.29868
20161031 -0.29862
20161101 -0.29856
20161102 -0.29849
20161103 -0.29843
20161104 -0.29836
20161105 -0.29829
20161106 -0.29822
20161107 -0.29815
20161108 -0.29808
20161109 -0.29801
20161110 -0.29794
20161111 -0.29787
20161112 -0.29779
20161113 -0.29772
20161114 -0.29765
20161115 -0.29757
20161116 -0.29749
20161117 -0.29742
20161118 -0.29734
20161119 -0.29726
20161120 -0.29718
20161121 -0.29710
20161122 -0.29702
20161123 -0.29694
20161124 -0.29686
20161125 -0.29677
20161126 -0.29669
20161127 -0.29661
20161128 -0.29652
20161129 -0.29644
20161130 -0.29635
20161201 -0.29626
20161202 -0.29617
20161203 -0.29609
20161204 -0.29600
20161205 -0.29591
20161206 -0.29582
20161207 -0.29573
20161208 -0.29564
20161209 -0.29554
20161210 -0.29545
20161211 -0.29536
20161212 -0.29526
20161213 -0.29517
20161214 -0.29507
20161215 -0.29498
20161216 -0.29488
20161217 -0.29478
20161218 -0.29469
20161219 -0.29459
20161220 -0.29449
20161221 -0.29439
20161222 -0.29429
20161223 -0.29419
20161224 -0.29409
20161225 -0.29399
20161226 999999.00000
20161227 -0.29379
20161228 -0.29368
20161229 -0.29358
20161230 -0.29348
20161231 -0.29337
20170101 -0.29327
20170102 -0.29316
20170103 -0.29305
20170104 -0.29295
20170105 -0.29284
20170106 -0.29273
20170107 -0.29263
20170108 -0.29252
20170109 -0.29241
20170110 -0.29230
20170111 -0.29219
20170112 -0.29208
20170113 -0.29197
20170114 -0.29186
20170115 -0.29175
20170116 -0.29163
20170117 -0.29152
20170118 -0.29141
20170119 -0.29129
20170120 -0.29118
20170121 -0.29107
20170122 -0.29095
20170123 -0.29084
20170124 -0.29072
20170125 -0.29061
20170126 -0.29049
20170127 -0.29037
20170128 -0.29025
20170129 -0.29014
20170130 -0.29002
20170131 -0.28990
20170201 -0.28978
20170202 -0.28966
20170203 -0.28954
20170204 -0.28942
20170205 -0.28930
20170206 -0.28918
20170207 -0.28906
20170208 -0.28894
20170209 -0.28882
20170210 -0.28869
20170211 -0.28857
20170212 -0.28845
20170213 -0.28832
20170214 -0.28820
20170215 -0.28808
20170216 -0.28795
20170217 -0.28783
20170218 -0.28770
20170219 -0.28758
20170220 -0.28745
20170221 -0.28732
20170222 -0.28720
20170223 -0.28707
20170224 -0.28694
20170225 -0.28681
20170226 -0.28669
20170227 -0.28656
20170228 -0.28643
20170301 -0.28630
20170302 -0.28617
20170303 -0.28604
20170304 -0.28591
20170305 -0.28578
20170306 -0.28565
20170307 -0.28552
20170308 -0.28539
20170309 -0.28525
20170310 -0.28512
20170311 -0.28499
20170312 -0.28486
20170313 -0.28472
20170314 -0.28459
20170315 -0.28446
20170316 -0.28432
20170317 -0.28419
20170318 -0.28405
20170319 -0.28392
20170320 -0.28378
20170321 -0.28365
20170322 -0.28351
20170323 -0.28337
20170324 -0.28324
20170325 -0.28310
20170326 -0.28296
20170327 -0.28282
20170328 -0.28268
20170329 -0.28255
20170330 -0.28241
20170331 -0.28227
20170401 -0.28213
20170402 -0.28199
20170403 -0.28185
20170404 -0.28171
20170405 -0.28157
20170406 -0.28143
20170407 -0.28128
20170408 -0.28114
20170409 -0.28100
20170410 -0.28086
20170411 -0.28071
20170412 -0.28057
20170413 -0.28043
20170414 -0.28028
20170415 -0.28014
20170416 -0.27999
20170417 -0.27985
20170418 -0.27970
20170419 -0.27956
20170420 -0.27941
20170421 -0.27927
20170422 -0.27912
20170423 -0.27897
20170424 -0.27882
20170425 -0.27868
20170426 -0.27853
20170427 -0.27838
20170428 -0.27823
20170429 -0.27808
20170430 -0.27793
20170501 -0.27778
20170502 -0.27763
20170503 -0.27748
20170504 -0.27733
20170505 -0.27718
20170506 -0.27703
20170507 -0.27687
20170508 -0.27672
20170509 -0.27657
20170510 -0.27641
20170511 -0.27626
20170512 -0.27611
20170513 -0.27595
20170514 -0.27580
20170515 -0.27564
20170516 -0.27549
20170517 -0.27533
20170518 -0.27518
20170519 -0.27502
20170520 -0.27486
20170521 -0.27470
20170522 -0.27455
20170523 -0.27439
20170524 -0.27423
20170525 -0.27407
20170526 -0.27391
20170527 -0.27375
20170528 -0.27359
20170529 -0.27343
20170530 -0.27327
20170531 -0.27311
20170601 -0.27295
20170602 -0.27279
20170603 -0.27263
20170604 -0.27247
20170605 -0.27231
20170606 -0.27214
20170607 -0.27198
20170608 -0.27182
20170609 -0.27165
20170610 -0.27149
20170611 -0.27133
20170612 -0.27116
20170613 -0.27100
20170614 -0.27084
20170615 -0.27067
20170616 -0.27051
20170617 -0.27034
20170618 -0.27018
20170619 -0.27001
20170620 -0.26984
20170621 -0.26968
20170622 -0.26951
20170623 -0.26935
20170624 -0.26918
20170625 -0.26901
20170626 -0.26885
20170627 -0.26868
20170628 -0.26851
20170629 -0.26834
20170630 -0.26818
20170701 -0.26801
20170702 -0.26784
20170703 -0.26767
20170704 -0.26751
20170705 -0.26734
20170706 -0.26717
20170707 -0.26700
20170708 -0.26683
20170709 -0.26667
20170710 -0.26650
20170711 -0.26633
20170712 -0.26616
20170713 -0.26599
20170714 -0.26582
20170715 -0.26566
20170716 -0.26549
20170717 -0.26532
20170718 -0.26515
20170719 -0.26498
20170720 -0.26481
20170721 -0.26464
20170722 -0.26448
20170723 -0.26431
20170724 -0.26414
20170725 -0.26397
20170726 -0.26380
20170727 -0.26363
20170728 -0.26346
20170729 -0.26330
20170730 -0.26313
20170731 -0.26296
20170801 -0.26279
20170802 -0.26262
20170803 -0.26246
20170804 -0.26229
20170805 -0.26212
20170806 -0.26195
20170807 -0.26178
20170808 -0.26162
20170809 -0.26145
20170810 -0.26128
20170811 -0.26111
20170812 -0.26095
20170813 -0.26078
20170814 -0.26061
20170815 -0.26045
20170816 -0.26028
20170817 -0.26011
20170818 -0.25995
20170819 -0.25978
20170820 -0.25962
20170821 -0.25945
20170822 -0.25928
20170823 -0.25912
20170824 -0.25895
20170825 -0.25879
20170826 -0.25862
20170827 -0.25846
20170828 -0.25829
20170829 -0.25813
20170830 -0.25797
20170831 -0.25780
20170901 -0.25764
20170902 -0.25747
20170903 -0.25731
20170904 -0.25715
20170905 -0.25698
20170906 -0.25682
20170907 -0.25666
20170908 -0.25650
20170909 -0.25633
20170910 -0.25617
20170911 -0.25601
20170912 -0.25585
20170913 -0.25569
20170914 -0.25553
20170915 -0.25537
20170916 -0.25521
20170917 -0.25505
20170918 -0.25489
20170919 -0.25473
20170920 -0.25457
20170921 -0.25441
20170922 -0.25425
20170923 -0.25409
20170924 -0.25393
20170925 -0.25377
20170926 -0.25362
20170927 -0.25346
20170928 -0.25330
20170929 -0.25314
20170930 -0.25299
20171001 -0.25283
20171002 -0.25267
20171003 -0.25252
20171004 -0.25236
20171005 -0.25221
20171006 -0.25205
20171007 -0.25190
20171008 -0.25174
20171009 -0.25159
20171010 -0.25143
20171011 -0.25128
20171012 -0.25113
20171013 -0.25097
20171014 -0.25082
20171015 -0.25067
20171016 -0.25052
20171017 -0.25036
20171018 -0.25021
20171019 -0.25006
20171020 -0.24991
20171021 -0.24976
20171022 -0.24961
20171023 -0.24946
20171024 -0.24931
20171025 -0.24916
20171026 -0.24901
20171027 -0.24886
20171028 -0.24871
20171029 -0.24856
20171030 -0.24842
20171031 -0.24827
20171101 -0.24812
20171102 -0.24798
20171103 -0.24783
20171104 -0.24768
20171105 -0.24754
20171106 -0.24739
20171107 -0.24725
20171108 -0.24710
20171109 -0.24696
20171110 -0.24681
20171111 -0.24667
20171112 -0.24653
20171113 -0.24638
20171114 -0.24624
20171115 -0.24610
20171116 -0.24595
20171117 -0.24581
20171118 -0.24567
20171119 -0.24553
20171120 -0.24539
20171121 -0.24525
20171122 -0.24511
20171123 -0.24497
20171124 -0.24483
20171125 -0.24469
20171126 -0.24455
20171127 -0.24442
20171128 -0.24428
20171129 -0.24414
20171130 -0.24400
20171201 -0.24387
20171202 -0.24373
20171203 -0.24359
20171204 -0.24346
20171205 -0.24332
20171206 -0.24319
20171207 -0.24305
20171208 -0.24292
20171209 -0.24279
20171210 -0.24265
20171211 -0.24252
20171212 -0.24239
20171213 -0.24226
20171214 -0.24213
20171215 -0.24199
20171216 -0.24186
20171217 -0.24173
20171218 -0.24160
20171219 -0.24147
20171220 -0.24134
20171221 -0.24121
20171222 -0.24109
20171223 -0.24096
20171224 -0.24083
20171225 -0.24070
20171226 -0.24058
20171227 -0.24045
20171228 -0.24032
20171229 -0.24020
20171230 -0.24007
20171231 -0.23995
20180101 -0.23982
20180102 -0.23970
20180103 -0.23958
20180104 -0.23945
20180105 -0.23933
20180106 999999.00000
20180107 -0.23909
20180108 -0.23896
20180109 -0.23884
20180110 -0.23872
20180111 -0.23860
20180112 -0.23848
20180113 -0.23836
20180114 -0.23824
20180115 -0.23813
20180116 -0.23801
20180117 -0.23789
20180118 -0.23777
20180119 -0.23766
20180120 -0.23754
20180121 -0.23743
20180122 -0.23731
20180123 -0.23719
20180124 -0.23708
20180125 -0.23697
20180126 -0.23685
20180127 -0.23674
20180128 -0.23663
20180129 -0.23651
20180130 -0.23640
20180131 -0.23629
20180201 -0.23618
20180202 -0.23607
20180203 -0.23596
20180204 -0.23585
20180205 -0.23574
20180206 -0.23563
20180207 -0.23552
20180208 -0.23542
20180209 -0.23531
20180210 -0.23520
20180211 -0.23510
20180212 -0.23499
20180213 -0.23488
20180214 -0.23478
20180215 -0.23468
20180216 -0.23457
20180217 -0.23447
20180218 -0.23436
20180219 -0.23426
20180220 -0.23416
20180221 -0.23406
20180222 -0.23396
20180223 -0.23386
20180224 -0.23376
20180225 -0.23366
20180226 -0.23356
20180227 -0.23346
20180228 -0.23336
20180301 -0.23326
20180302 -0.23316
20180303 -0.23307
20180304 -0.23297
20180305 -0.23287
20180306 -0.23278
20180307 -0.23268
20180308 -0.23259
20180309 -0.23250
20180310 -0.23240
20180311 -0.23231
20180312 -0.23222
20180313 -0.23212
20180314 -0.23203
20180315 -0.23194
20180316 -0.23185
20180317 -0.23176
20180318 -0.23167
20180319 -0.23158
20180320 -0.23149
20180321 -0.23140
20180322 -0.23132
20180323 -0.23123
20180324 -0.23114
20180325 -0.23105
20180326 -0.23097
20180327 -0.23088
20180328 -0.23080
20180329 -0.23071
20180330 -0.23063
20180331 -0.23055
20180401 -0.23046
20180402 -0.23038
20180403 -0.23030
20180404 -0.23022
20180405 -0.23014
20180406 -0.23006
20180407 -0.22998
20180408 -0.22990
20180409 -0.22982
20180410 -0.22974
20180411 -0.22966
20180412 -0.22958
20180413 -0.22951
20180414 -0.22943
20180415 -0.22935
20180416 -0.22928
20180417 -0.22920
20180418 -0.22913
20180419 -0.22905
20180420 -0.22898
20180421 -0.22890
20180422 -0.22883
20180423 -0.22876
20180424 -0.22869
20180425 -0.22862
20180426 -0.22854
20180427 -0.22847
20180428 -0.22840
20180429 -0.22833
20180430 -0.22827
20180501 -0.22820
20180502 -0.22813
20180503 -0.22806
20180504 -0.22799
20180505 -0.22793
20180506 -0.22786
20180507 -0.22780
20180508 -0.22773
20180509 -0.22766
20180510 -0.22760
20180511 -0.22754
20180512 -0.22747
20180513 -0.22741
20180514 -0.22735
20180515 -0.22729
20180516 -0.22722
20180517 -0.22716
20180518 -0.22710
20180519 -0.22704
20180520 -0.22698
20180521 -0.22692
20180522 -0.22686
20180523 -0.22681
20180524 -0.22675
20180525 -0.22669
20180526 -0.22663
20180527 -0.22658
20180528 -0.22652
20180529 -0.22646
20180530 -0.22641
20180531 -0.22635
20180601 -0.22630
20180602 -0.22624
20180603 -0.22619
20180604 -0.22614
20180605 -0.22609
20180606 -0.22603
20180607 -0.22598
20180608 -0.22593
20180609 -0.22588
20180610 -0.22583
20180611 -0.22578
20180612 -0.22573
20180613 -0.22568
20180614 -0.22563
20180615 -0.22558
20180616 -0.22553
20180617 -0.22548
20180618 -0.22544
20180619 -0.22539
20180620 -0.22534
20180621 -0.22530
20180622 -0.22525
20180623 -0.22521
20180624 -0.22516
20180625 -0.22512
20180626 -0.22507
20180627 -0.22503
20180628 -0.22498
20180629 -0.22494
20180630 -0.22490
20180701 -0.22486
20180702 -0.22481
20180703 -0.22477
20180704 -0.22473
20180705 -0.22469
20180706 -0.22465
20180707 -0.22461
20180708 -0.22457
20180709 -0.22453
20180710 -0.22449
20180711 -0.22445
20180712 -0.22441
20180713 -0.22437
20180714 -0.22434
20180715 -0.22430
20180716 -0.22426
20180717 -0.22422
20180718 -0.22419
20180719 -0.22415
20180720 -0.22412
20180721 -0.22408
20180722 -0.22404
20180723 -0.22401
20180724 -0.22397
20180725 -0.22394
20180726 -0.22390
20180727 -0.22387
20180728 -0.22384
20180729 -0.22380
20180730 -0.22377
20180731 -0.22374
20180801 -0.22370
20180802 -0.22367
20180803 -0.22364
20180804 -0.22361
20180805 -0.22358
20180806 -0.22354
20180807 -0.22351
20180808 -0.22348
20180809 -0.22345
20180810 -0.22342
20180811 -0.22339
20180812 -0.22336
20180813 -0.22333
20180814 -0.22330
20180815 -0.22327
20180816 -0.22324
20180817 -0.22321
20180818 -0.22319
20180819 -0.22316
20180820 -0.22313
20180821 -0.22310
20180822 -0.22307
20180823 -0.22304
20180824 -0.22302
20180825 -0.22299
20180826 -0.22296
20180827 -0.22293
20180828 -0.22291
20180829 -0.22288
20180830 -0.22285
20180831 -0.22283
20180901 -0.22280
20180902 -0.22277
20180903 -0.22275
20180904 -0.22272
20180905 -0.22270
20180906 -0.22267
20180907 -0.22264
20180908 -0.22262
20180909 -0.22259
20180910 -0.22257
20180911 -0.22254
20180912 -0.22252
20180913 -0.22249
20180914 -0.22247
20180915 -0.22244
20180916 -0.22242
20180917 -0.22239
20180918 -0.22237
20180919 -0.22234
20180920 -0.22232
20180921 -0.22230
20180922 -0.22227
20180923 -0.22225
20180924 -0.22222
20180925 -0.22220
20180926 -0.22217
20180927 -0.22215
20180928 -0.22213
20180929 -0.22210
20180930 -0.22208
20181001 -0.22205
20181002 -0.22203
20181003 -0.22201
20181004 -0.22198
20181005 -0.22196
20181006 -0.22194
20181007 -0.22191
20181008 -0.22189
20181009 -0.22186
20181010 -0.22184
20181011 -0.22182
20181012 -0.22179
20181013 -0.22177
20181014 -0.22175
20181015 -0.22172
20181016 -0.22170
20181017 -0.22168
20181018 -0.22165
20181019 -0.22163
20181020 -0.22160
20181021 -0.22158
20181022 -0.22156
20181023 -0.22153
20181024 -0.22151
20181025 -0.22149
20181026 -0.22146
20181027 -0.22144
20181028 -0.22141
20181029 -0.22139
20181030 -0.22137
20181031 -0.22134
20181101 -0.22132
20181102 -0.22130
20181103 -0.22127
20181104 -0.22125
20181105 -0.22122
20181106 -0.22120
20181107 -0.22118
20181108 -0.22115
20181109 -0.22113
20181110 -0.22110
20181111 -0.22108
20181112 -0.22105
20181113 -0.22103
20181114 -0.22101
20181115 -0.22098
20181116 -0.22096
20181117 -0.22093
20181118 -0.22091
20181119 -0.22088
20181120 -0.22086
20181121 -0.22083
20181122 -0.22081
20181123 -0.22078
20181124 -0.22076
20181125 -0.22073
20181126 -0.22071
20181127 -0.22068
20181128 -0.22066
20181129 -0.22063
20181130 -0.22061
20181201 -0.22058
20181202 -0.22056
20181203 -0.22053
20181204 -0.22050
20181205 -0.22048
20181206 -0.22045
20181207 -0.22043
20181208 -0.22040
20181209 -0.22038
20181210 -0.22035
20181211 -0.22032
20181212 -0.22030
20181213 -0.22027
20181214 -0.22024
20181215 -0.22022
20181216 -0.22019
20181217 -0.22016
20181218 -0.22014
20181219 -0.22011
20181220 -0.22008
20181221 -0.22006
20181222 -0.22003
20181223 -0.22000
20181224 -0.21998
20181225 -0.21995
20181226 -0.21992
20181227 -0.21989
20181228 -0.21987
20181229 -0.21984
20181230 -0.21981
20181231 -0.21978
20190101 -0.21976
20190102 -0.21973
20190103 -0.21970
20190104 -0.21967
20190105 -0.21964
20190106 -0.21962
20190107 -0.21959
20190108 -0.21956
20190109 -0.21953
20190110 -0.21950
20190111 -0.21947
20190112 -0.21944
20190113 -0.21941
20190114 -0.21938
20190115 -0.21936
20190116 -0.21933
20190117 -0.21930
20190118 -0.21927
20190119 -0.21924
20190120 -0.21921
20190121 -0.21918
20190122 -0.21915
20190123 -0.21912
20190124 -0.21909
20190125 -0.21906
20190126 -0.21903
20190127 -0.21900
20190128 -0.21897
20190129 -0.21893
20190130 -0.21890
20190131 -0.21887
20190201 -0.21884
20190202 -0.21881
20190203 -0.21878
20190204 -0.21875
20190205 -0.21871
20190206 -0.21868
20190207 -0.21865
20190208 -0.21862
20190209 -0.21859
20190210 -0.21855
20190211 -0.21852
20190212 -0.21849
20190213 -0.21846
20190214 -0.21842
20190215 -0.21839
20190216 -0.21836
20190217 -0.21832
20190218 -0.21829
20190219 -0.21825
20190220 -0.21822
20190221 -0.21819
20190222 -0.21815
20190223 -0.21812
20190224 -0.21808
20190225 -0.21805
20190226 -0.21801
20190227 -0.21798
20190228 -0.21794
20190301 -0.21791
20190302 -0.21787
20190303 -0.21784
20190304 -0.21780
20190305 -0.21776
20190306 -0.21773
20190307 -0.21769
20190308 -0.21765
20190309 -0.21762
20190310 -0.21758
20190311 -0.21754
20190312 -0.21750
20190313 -0.21747
20190314 -0.21743
20190315 -0.21739
20190316 -0.21735
20190317 -0.21731
20190318 -0.21727
20190319 -0.21723
20190320 -0.21720
20190321 -0.21716
20190322 -0.21712
20190323 -0.21708
20190324 -0.21704
20190325 -0.21700
20190326 -0.21695
20190327 -0.21691
20190328 -0.21687
20190329 -0.21683
20190330 -0.21679
20190331 -0.21675
20190401 -0.21671
20190402 -0.21666
20190403 -0.21662
20190404 -0.21658
20190405 -0.21653
20190406 -0.21649
20190407 -0.21645
20190408 -0.21640
20190409 -0.21636
20190410 -0.21631
20190411 -0.21627
20190412 -0.21622
20190413 -0.21618
20190414 -0.21613
20190415 -0.21609
20190416 -0.21604
20190417 -0.21599
20190418 -0.21595
20190419 -0.21590
20190420 -0.21585
20190421 -0.21581
20190422 -0.21576
20190423 -0.21571
20190424 -0.21566
20190425 -0.21561
20190426 -0.21556
20190427 -0.21551
20190428 -0.21546
20190429 -0.21541
20190430 -0.21536
20190501 -0.21531
20190502 -0.21526
20190503 -0.21521
20190504 -0.21516
20190505 -0.21510
20190506 -0.21505
20190507 -0.21500
20190508 -0.21494
20190509 -0.21489
20190510 -0.21484
20190511 -0.21478
20190512 -0.21473
20190513 -0.21467
20190514 -0.21462
20190515 -0.21456
20190516 -0.21450
20190517 -0.21445
20190518 -0.21439
20190519 -0.21433
20190520 -0.21427
20190521 -0.21421
20190522 -0.21416
20190523 -0.21410
20190524 -0.21404
20190525 -0.21398
20190526 -0.21392
20190527 -0.21386
20190528 -0.21379
20190529 -0.21373
20190530 -0.21367
20190531 -0.21361
20190601 -0.21354
20190602 -0.21348
20190603 -0.21342
20190604 -0.21335
20190605 -0.21329
20190606 -0.21322
20190607 -0.21316
20190608 -0.21309
20190609 -0.21302
20190610 -0.21296
20190611 -0.21289
20190612 -0.21282
20190613 -0.21275
20190614 -0.21268
20190615 -0.21261
20190616 -0.21254
20190617 -0.21247
20190618 -0.21240
20190619 -0.21233
20190620 -0.21226
20190621 -0.21218
20190622 -0.21211
20190623 -0.21204
20190624 -0.21196
20190625 -0.21189
20190626 -0.21181
20190627 -0.21174
20190628 -0.21166
20190629 -0.21158
20190630 -0.21151
20190701 -0.21143
20190702 -0.21135
20190703 -0.21127
20190704 -0.21119
20190705 -0.21111
20190706 -0.21103
20190707 -0.21094
20190708 999999.00000
20190709 -0.21078
20190710 -0.21070
20190711 -0.21061
20190712 -0.21053
20190713 -0.21044
20190714 -0.21035
20190715 -0.21027
20190716 -0.21018
20190717 -0.21009
20190718 -0.21000
20190719 -0.20991
20190720 -0.20982
20190721 -0.20973
20190722 -0.20963
20190723 -0.20954
20190724 -0.20945
20190725 -0.20935
20190726 -0.20925
20190727 -0.20916
20190728 -0.20906
20190729 -0.20896
20190730 -0.20886
20190731 -0.20876
20190801 -0.20866
20190802 -0.20855
20190803 -0.20845
20190804 -0.20834
20190805 -0.20824
20190806 -0.20813
20190807 -0.20802
20190808 -0.20791
20190809 -0.20780
20190810 -0.20768
20190811 -0.20757
20190812 -0.20745
20190813 -0.20733
20190814 -0.20721
20190815 -0.20709
20190816 -0.20696
20190817 -0.20684
20190818 -0.20671
20190819 -0.20658
20190820 -0.20644
20190821 -0.20631
20190822 -0.20617
20190823 -0.20603
20190824 -0.20588
20190825 -0.20573
20190826 -0.20558
20190827 -0.20543
20190828 -0.20527
20190829 -0.20511
20190830 -0.20495
20190831 -0.20478
20190901 -0.20461
20190902 -0.20444
20190903 -0.20426
20190904 -0.20408
20190905 -0.20390
20190906 -0.20371
20190907 -0.20352
20190908 -0.20333
20190909 -0.20313
20190910 -0.20293
20190911 -0.20273
20190912 -0.20253
20190913 -0.20233
20190914 -0.20212
20190915 -0.20191
20190916 -0.20170
20190917 -0.20148
20190918 -0.20127
20190919 -0.20105
20190920 -0.20083
20190921 -0.20061
20190922 -0.20038
20190923 -0.20016
20190924 -0.19993
20190925 -0.19971
20190926 -0.19948
20190927 -0.19925
20190928 -0.19902
20190929 -0.19879
20190930 -0.19855
20191001 -0.19832
20191002 -0.19808
20191003 -0.19785
20191004 -0.19761
20191005 -0.19737
20191006 -0.19713
20191007 -0.19689
20191008 -0.19665
20191009 -0.19641
20191010 -0.19616
20191011 -0.19592
20191012 -0.19567
20191013 -0.19543
20191014 -0.19518
20191015 -0.19493
20191016 -0.19468
20191017 -0.19444
20191018 -0.19419
20191019 -0.19394
20191020 -0.19368
20191021 -0.19343
20191022 -0.19318
20191023 -0.19293
20191024 -0.19267
20191025 -0.19242
20191026 -0.19216
20191027 -0.19191
20191028 -0.19165
20191029 -0.19139
20191030 -0.19114
20191031 -0.19088
20191101 -0.19062
20191102 -0.19036
20191103 -0.19010
20191104 -0.18984
20191105 -0.18958
20191106 -0.18932
20191107 -0.18905
20191108 -0.18879
20191109 -0.18853
20191110 -0.18826
20191111 -0.18800
20191112 -0.18773
20191113 -0.18747
20191114 -0.18720
20191115 -0.18694
20191116 -0.18667
20191117 -0.18640
20191118 -0.18613
20191119 -0.18587
20191120 -0.18560
20191121 -0.18533
20191122 -0.18506
20191123 -0.18479
20191124 -0.18452
20191125 -0.18425
20191126 -0.18397
20191127 -0.18370
20191128 -0.18343
20191129 -0.18316
20191130 -0.18288
20191201 -0.18261
20191202 -0.18234
20191203 -0.18206
20191204 -0.18179
20191205 -0.18151
20191206 -0.18124
20191207 -0.18096
20191208 -0.18069
20191209 -0.18041
20191210 -0.18013
20191211 -0.17986
20191212 -0.17958
20191213 -0.17930
20191214 -0.17902
20191215 -0.17874
20191216 -0.17847
20191217 -0.17819
20191218 -0.17791
20191219 -0.17763
20191220 -0.17735
20191221 -0.17707
20191222 -0.17679
20191223 -0.17651
20191224 -0.17622
20191225 -0.17594
20191226 -0.17566
20191227 -0.17538
20191228 -0.17510
20191229 -0.17482
20191230 -0.17453
20191231 -0.17425
20200101 -0.17397
20200102 -0.17368
20200103 -0.17340
20200104 -0.17312
20200105 -0.17283
20200106 -0.17255
20200107 -0.17226
20200108 -0.17198
20200109 -0.17169
20200110 -0.17141
20200111 -0.17112
20200112 -0.17084
20200113 -0.17055
20200114 -0.17027
20200115 -0.16998
20200116 -0.16970
20200117 -0.16941
20200118 -0.16912
20200119 -0.16884
20200120 -0.16855
20200121 -0.16827
20200122 -0.16798
20200123 -0.16769
20200124 -0.16740
20200125 -0.16712
20200126 -0.16683
20200127 -0.16654
20200128 -0.16626
20200129 -0.16597
20200130 -0.16568
20200131 -0.16539
20200201 -0.16511
20200202 -0.16482
20200203 -0.16453
20200204 -0.16424
20200205 -0.16395
20200206 -0.16367
20200207 -0.16338
20200208 -0.16309
20200209 -0.16280
20200210 -0.16251
20200211 -0.16222
20200212 -0.16194
20200213 -0.16165
20200214 -0.16136
20200215 -0.16107
20200216 -0.16078
20200217 -0.16049
20200218 -0.16020
20200219 -0.15992
20200220 -0.15963
20200221 -0.15934
20200222 -0.15905
20200223 -0.15876
20200224 -0.15847
20200225 -0.15818
20200226 -0.15790
20200227 -0.15761
20200228 -0.15732
20200229 -0.15703
20200301 -0.15674
20200302 -0.15645
20200303 -0.15617
20200304 -0.15588
20200305 -0.15559
20200306 -0.15530
20200307 -0.15501
20200308 -0.15473
20200309 -0.15444
20200310 -0.15415
20200311 -0.15386
20200312 -0.15357
20200313 -0.15329
20200314 -0.15300
20200315 -0.15271
20200316 -0.15243
20200317 -0.15214
20200318 -0.15185
20200319 -0.15156
20200320 -0.15128
20200321 -0.15099
20200322 -0.15070
20200323 -0.15042
20200324 -0.15013
20200325 -0.14984
20200326 -0.14956
20200327 -0.14927
20200328 -0.14899
20200329 -0.14870
20200330 -0.14841
20200331 -0.14813
20200401 -0.14784
20200402 -0.14756
20200403 -0.14727
20200404 -0.14699
20200405 -0.14670
20200406 -0.14642
20200407 -0.14613
20200408 -0.14585
20200409 -0.14556
20200410 -0.14528
20200411 -0.14500
20200412 -0.14471
20200413 -0.14443
20200414 -0.14415
20200415 -0.14386
20200416 -0.14358
20200417 -0.14330
20200418 -0.14301
20200419 -0.14273
20200420 -0.14245
20200421 -0.14217
20200422 -0.14188
20200423 -0.14160
20200424 -0.14132
20200425 -0.14104
20200426 -0.14076
20200427 -0.14048
20200428 -0.14020
20200429 -0.13992
20200430 -0.13963
20200501 -0.13935
20200502 -0.13907
20200503 -0.13879
20200504 -0.13851
20200505 -0.13823
20200506 -0.13796
20200507 -0.13768
20200508 -0.13740
20200509 -0.13712
20200510 -0.13684
20200511 -0.13656
20200512 -0.13628
20200513 -0.13601
20200514 -0.13573
20200515 -0.13545
20200516 -0.13517
20200517 -0.13490
20200518 -0.13462
20200519 -0.13434
20200520 -0.13407
20200521 -0.13379
20200522 -0.13351
20200523 -0.13324
20200524 -0.13296
20200525 -0.13269
20200526 -0.13241
20200527 -0.13213
20200528 -0.13186
20200529 -0.13158
20200530 -0.13131
20200531 -0.13103
20200601 -0.13076
20200602 -0.13049
20200603 -0.13021
20200604 -0.12994
20200605 -0.12966
20200606 -0.12939
20200607 -0.12912
20200608 -0.12884
20200609 -0.12857
20200610 -0.12829
20200611 -0.12802
20200612 -0.12775
20200613 -0.12747
20200614 -0.12720
20200615 -0.12693
20200616 -0.12665
20200617 -0.12638
20200618 -0.12611
20200619 -0.12584
20200620 -0.12556
20200621 -0.12529
20200622 -0.12502
20200623 -0.12474
20200624 -0.12447
20200625 -0.12420
20200626 -0.12392
20200627 -0.12365
20200628 -0.12338
20200629 -0.12310
20200630 -0.12283
20200701 -0.12256
20200702 -0.12228
20200703 -0.12201
20200704 -0.12173
20200705 -0.12146
20200706 -0.12118
20200707 -0.12091
20200708 -0.12063
20200709 -0.12036
20200710 -0.12008
20200711 -0.11981
20200712 -0.11953
20200713 -0.11926
20200714 -0.11898
20200715 -0.11870
20200716 -0.11842
20200717 -0.11815
20200718 -0.11787
20200719 -0.11759
20200720 -0.11731
20200721 -0.11703
20200722 -0.11675
20200723 -0.11647
20200724 -0.11619
20200725 -0.11591
20200726 -0.11563
20200727 -0.11535
20200728 -0.11507
20200729 -0.11478
20200730 -0.11450
20200731 -0.11422
20200801 -0.11394
20200802 -0.11365
20200803 -0.11337
20200804 -0.11309
20200805 -0.11280
20200806 -0.11252
20200807 -0.11223
20200808 -0.11195
20200809 -0.11166
20200810 -0.11138
20200811 -0.11109
20200812 -0.11081
20200813 -0.11052
20200814 -0.11024
20200815 -0.10995
20200816 -0.10966
20200817 -0.10938
20200818 -0.10909
20200819 -0.10881
20200820 -0.10852
20200821 -0.10823
20200822 -0.10795
20200823 -0.10766
20200824 -0.10738
20200825 -0.10709
20200826 -0.10680
20200827 -0.10652
20200828 -0.10623
20200829 -0.10595
20200830 -0.10566
20200831 -0.10538
20200901 -0.10509
20200902 -0.10481
20200903 -0.10452
20200904 -0.10424
20200905 -0.10395
20200906 -0.10367
20200907 -0.10338
20200908 -0.10310
20200909 -0.10282
20200910 -0.10253
20200911 -0.10225
20200912 -0.10197
20200913 -0.10169
20200914 -0.10140
20200915 -0.10112
20200916 -0.10084
20200917 -0.10056
20200918 -0.10028
20200919 -0.10000
20200920 -0.09972
20200921 -0.09944
20200922 -0.09916
20200923 -0.09888
20200924 -0.09861
20200925 -0.09833
20200926 -0.09805
20200927 -0.09777
20200928 -0.09750
20200929 -0.09722
20200930 -0.09694
20201001 -0.09667
20201002 -0.09639
20201003 -0.09612
20201004 -0.09585
20201005 -0.09557
20201006 -0.09530
20201007 -0.09503
20201008 -0.09476
20201009 -0.09449
20201010 -0.09421
20201011 -0.09394
20201012 -0.09367
20201013 -0.09340
20201014 -0.09314
20201015 -0.09287
20201016 -0.09260
20201017 -0.09233
20201018 -0.09207
20201019 -0.09180
20201020 -0.09153
20201021 -0.09127
20201022 -0.09101
20201023 -0.09074
20201024 -0.09048
20201025 -0.09022
20201026 -0.08995
20201027 -0.08969
20201028 -0.08943
20201029 -0.08917
20201030 -0.08891
20201031 -0.08865
20201101 -0.08839
20201102 -0.08814
20201103 -0.08788
20201104 -0.08762
20201105 -0.08737
20201106 -0.08711
20201107 -0.08686
20201108 -0.08660
20201109 -0.08635
20201110 -0.08609
20201111 -0.08584
20201112 -0.08559
20201113 -0.08534
20201114 -0.08509
20201115 -0.08484
20201116 -0.08459
20201117 -0.08434
20201118 -0.08409
20201119 -0.08385
20201120 -0.08360
20201121 -0.08336
20201122 -0.08311
20201123 -0.08287
20201124 -0.08262
20201125 -0.08238
20201126 -0.08214
20201127 -0.08190
20201128 -0.08166
20201129 -0.08142
20201130 -0.08118
20201201 -0.08094
20201202 -0.08070
20201203 -0.08046
20201204 -0.08023
20201205 -0.07999
20201206 -0.07975
20201207 -0.07952
20201208 -0.07929
20201209 -0.07905
20201210 -0.07882
20201211 -0.07859
20201212 -0.07836
20201213 -0.07813
20201214 -0.07790
20201215 -0.07767
20201216 -0.07744
20201217 -0.07722
20201218 -0.07699
20201219 -0.07676
20201220 -0.07654
20201221 -0.07632
20201222 -0.07609
20201223 -0.07587
20201224 -0.07565
20201225 -0.07543
20201226 -0.07521
20201227 -0.07499
20201228 -0.07477
20201229 -0.07455
20201230 -0.07433
20201231 -0.07412
20210101 -0.07390
20210102 -0.07369
20210103 -0.07347
20210104 -0.07326
20210105 -0.07305
20210106 -0.07284
20210107 -0.07263
20210108 -0.07242
20210109 -0.07221
20210110 -0.07200
20210111 -0.07179
20210112 -0.07159
20210113 -0.07138
20210114 -0.07117
20210115 -0.07097
20210116 -0.07077
20210117 -0.07056
20210118 -0.07036
20210119 -0.07016
20210120 -0.06996
20210121 -0.06976
20210122 -0.06956
20210123 -0.06937
20210124 -0.06917
20210125 -0.06897
20210126 -0.06878
20210127 -0.06858
20210128 -0.06839
20210129 -0.06820
20210130 -0.06801
20210131 -0.06782
20210201 -0.06763
20210202 -0.06744
20210203 -0.06725
20210204 -0.06706
20210205 -0.06687
20210206 -0.06669
20210207 -0.06650
20210208 -0.06632
20210209 -0.06614
20210210 -0.06595
20210211 -0.06577
20210212 -0.06559
20210213 -0.06541
20210214 -0.06523
20210215 -0.06505
20210216 -0.06488
20210217 -0.06470
20210218 -0.06453
20210219 -0.06435
20210220 -0.06418
20210221 -0.06401
20210222 -0.06383
20210223 -0.06366
20210224 -0.06349
20210225 -0.06332
20210226 -0.06316
20210227 -0.06299
20210228 -0.06282
20210301 -0.06266
20210302 -0.06249
20210303 -0.06233
20210304 -0.06216
20210305 -0.06200
20210306 -0.06184
20210307 -0.06168
20210308 -0.06152
20210309 -0.06136
20210310 -0.06121
20210311 -0.06105
20210312 -0.06089
20210313 -0.06074
20210314 -0.06059
20210315 -0.06043
20210316 -0.06028
20210317 -0.06013
20210318 -0.05998
20210319 -0.05983
20210320 -0.05968
20210321 -0.05953
20210322 -0.05939
20210323 -0.05924
20210324 -0.05910
20210325 -0.05895
20210326 -0.05881
20210327 -0.05867
20210328 -0.05853
20210329 -0.05839
20210330 -0.05825
20210331 999999.00000
20210401 999999.00000
20210402 999999.00000
20210403 999999.00000
20210404 999999.00000
20210405 999999.00000
20210406 -0.05730
20210407 -0.05717
20210408 -0.05704
20210409 -0.05691
20210410 -0.05678
20210411 -0.05665
20210412 -0.05652
20210413 -0.05639
20210414 -0.05627
20210415 -0.05614
20210416 -0.05602
20210417 -0.05590
20210418 -0.05578
20210419 -0.05566
20210420 -0.05554
20210421 -0.05542
20210422 -0.05530
20210423 -0.05518
20210424 -0.05507
20210425 -0.05495
20210426 -0.05484
20210427 -0.05472
20210428 -0.05461
20210429 -0.05450
20210430 -0.05439
20210501 -0.05428
20210502 -0.05417
20210503 -0.05406
20210504 -0.05396
20210505 -0.05385
20210506 -0.05375
20210507 -0.05364
20210508 -0.05354
20210509 -0.05344
20210510 -0.05333
20210511 -0.05323
20210512 -0.05313
20210513 -0.05304
20210514 -0.05294
20210515 -0.05284
20210516 -0.05275
20210517 -0.05265
20210518 -0.05256
20210519 -0.05247
20210520 -0.05237
20210521 -0.05228
20210522 -0.05219
20210523 -0.05210
20210524 -0.05201
20210525 -0.05193
20210526 -0.05184
20210527 -0.05176
20210528 -0.05167
20210529 -0.05159
20210530 -0.05150
20210531 -0.05142
20210601 -0.05134
20210602 -0.05126
20210603 -0.05118
20210604 -0.05110
20210605 -0.05103
20210606 -0.05095
20210607 -0.05088
20210608 -0.05080
20210609 -0.05073
20210610 -0.05065
20210611 -0.05058
20210612 -0.05051
20210613 -0.05044
20210614 -0.05037
20210615 -0.05030
20210616 -0.05024
20210617 -0.05017
20210618 -0.05010
20210619 -0.05004
20210620 -0.04998
20210621 -0.04991
20210622 -0.04985
20210623 -0.04979
20210624 -0.04973
20210625 -0.04967
20210626 -0.04961
20210627 -0.04956
20210628 -0.04950
20210629 -0.04944
20210630 -0.04939
20210701 -0.04933
20210702 -0.04928
20210703 -0.04923
20210704 -0.04918
20210705 -0.04913
20210706 -0.04908
20210707 -0.04903
20210708 -0.04898
20210709 -0.04893
20210710 -0.04889
20210711 -0.04884
20210712 -0.04880
20210713 -0.04875
20210714 -0.04871
20210715 -0.04867
20210716 -0.04863
20210717 -0.04859
20210718 -0.04855
20210719 -0.04851
20210720 -0.04847
20210721 -0.04844
20210722 -0.04840
20210723 -0.04837
20210724 -0.04833
20210725 -0.04830
20210726 -0.04827
20210727 -0.04823
20210728 -0.04820
20210729 -0.04817
20210730 -0.04814
20210731 -0.04811
20210801 -0.04809
20210802 -0.04806
20210803 -0.04803
20210804 -0.04801
20210805 -0.04798
20210806 -0.04796
20210807 -0.04794
20210808 -0.04792
20210809 -0.04789
20210810 -0.04787
20210811 -0.04785
20210812 -0.04783
20210813 -0.04782
20210814 -0.04780
20210815 -0.04778
20210816 -0.04777
20210817 -0.04775
20210818 -0.04774
20210819 -0.04772
20210820 -0.04771
20210821 -0.04770
20210822 -0.04769
20210823 -0.04768
20210824 -0.04767
20210825 -0.04766
20210826 -0.04765
20210827 -0.04764
20210828 -0.04763
20210829 -0.04763
20210830 -0.04762
20210831 -0.04762
20210901 -0.04761
20210902 -0.04761
20210903 -0.04761
20210904 -0.04761
20210905 -0.04760
20210906 -0.04760
20210907 -0.04760
20210908 -0.04761
20210909 -0.04761
20210910 -0.04761
20210911 -0.04761
20210912 -0.04762
20210913 -0.04762
20210914 -0.04762
20210915 -0.04763
20210916 -0.04764
20210917 -0.04764
20210918 -0.04765
20210919 -0.04766
20210920 -0.04767
20210921 -0.04768
20210922 -0.04769
20210923 -0.04770
20210924 -0.04771
20210925 -0.04772
20210926 -0.04773
20210927 -0.04774
20210928 -0.04776
20210929 -0.04777
20210930 -0.04779
20211001 -0.04780
20211002 -0.04782
20211003 -0.04783
20211004 -0.04785
20211005 -0.04787
20211006 -0.04789
20211007 -0.04791
20211008 -0.04793
20211009 -0.04795
20211010 -0.04797
20211011 -0.04799
20211012 -0.04801
20211013 -0.04803
20211014 -0.04805
20211015 -0.04807
20211016 -0.04810
20211017 -0.04812
20211018 -0.04815
20211019 -0.04817
20211020 -0.04820
20211021 -0.04822
20211022 -0.04825
20211023 -0.04827
20211024 -0.04830
20211025 -0.04833
20211026 -0.04836
20211027 -0.04839
20211028 -0.04841
20211029 -0.04844
20211030 -0.04847
20211031 -0.04850
20211101 -0.04853
20211102 -0.04856
20211103 -0.04860
20211104 -0.04863
20211105 -0.04866
20211106 -0.04869
20211107 -0.04872
20211108 -0.04876
20211109 -0.04879
20211110 -0.04882
20211111 -0.04886
20211112 -0.04889
20211113 -0.04893
20211114 -0.04896
20211115 -0.04900
20211116 -0.04903
20211117 -0.04907
20211118 -0.04911
20211119 -0.04914
20211120 -0.04918
20211121 -0.04921
20211122 -0.04925
20211123 -0.04929
20211124 -0.04933
20211125 -0.04936
20211126 -0.04940
20211127 -0.04944
20211128 -0.04948
20211129 -0.04952
20211130 -0.04956
20211201 -0.04959
20211202 -0.04963
20211203 -0.04967
20211204 -0.04971
20211205 -0.04975
20211206 -0.04979
20211207 -0.04983
20211208 -0.04987
20211209 -0.04991
20211210 -0.04995
20211211 -0.04999
20211212 -0.05003
20211213 -0.05007
20211214 -0.05011
20211215 -0.05015
20211216 -0.05019
20211217 -0.05023
20211218 -0.05027
20211219 -0.05031
20211220 -0.05035
20211221 -0.05039
20211222 -0.05043
20211223 -0.05047
20211224 -0.05051
20211225 -0.05055
20211226 -0.05059
20211227 -0.05063
20211228 -0.05067
20211229 -0.05071
20211230 -0.05075
20211231 -0.05079
20220101 -0.05083
20220102 -0.05087
20220103 -0.05090
20220104 -0.05094
20220105 -0.05098
20220106 -0.05102
20220107 -0.05106
20220108 -0.05109
20220109 -0.05113
20220110 -0.05117
20220111 -0.05121
20220112 -0.05124
20220113 -0.05128
20220114 -0.05132
20220115 -0.05135
20220116 -0.05139
20220117 -0.05142
20220118 -0.05146
20220119 -0.05149
20220120 -0.05152
20220121 -0.05156
20220122 -0.05159
20220123 -0.05162
20220124 -0.05165
20220125 -0.05169
20220126 -0.05172
20220127 -0.05175
20220128 -0.05178
20220129 -0.05181
20220130 -0.05184
20220131 -0.05187
20220201 -0.05189
20220202 -0.05192
20220203 -0.05195
20220204 -0.05197
20220205 -0.05200
20220206 -0.05202
20220207 -0.05205
20220208 -0.05207
20220209 -0.05209
20220210 -0.05212
20220211 -0.05214
20220212 -0.05216
20220213 -0.05218
20220214 -0.05220
20220215 -0.05222
20220216 -0.05223
20220217 -0.05225
20220218 -0.05227
20220219 -0.05228
20220220 -0.05230
20220221 -0.05231
20220222 -0.05232
