20080101 -0.22000
20080102 -0.21364
20080103 -0.20736
20080104 -0.20119
20080105 -0.19512
20080106 -0.18916
20080107 -0.18332
20080108 -0.17760
20080109 -0.17201
20080110 -0.16656
20080111 -0.16124
20080112 -0.15608
20080113 -0.15106
20080114 -0.14620
20080115 -0.14151
20080116 -0.13697
20080117 -0.13260
20080118 -0.12841
20080119 -0.12438
20080120 -0.12053
20080121 -0.11686
20080122 -0.11337
20080123 -0.11005
20080124 -0.10691
20080125 -0.10395
20080126 -0.10117
20080127 -0.09856
20080128 -0.09612
20080129 -0.09385
20080130 -0.09175
20080131 -0.08981
20080201 -0.08802
20080202 -0.08639
20080203 -0.08490
20080204 -0.08354
20080205 -0.08232
20080206 -0.08121
20080207 -0.08022
20080208 -0.07933
20080209 -0.07853
20080210 -0.07780
20080211 -0.07714
20080212 -0.07651
20080213 -0.07590
20080214 -0.07524
20080215 -0.07450
20080216 -0.07376
20080217 -0.07306
20080218 -0.07242
20080219 -0.07186
20080220 -0.07138
20080221 -0.07100
20080222 -0.07072
20080223 -0.07056
20080224 -0.07052
20080225 -0.07061
20080226 -0.07085
20080227 -0.07123
20080228 -0.07177
20080229 -0.07247
20080301 -0.07333
20080302 -0.07436
20080303 -0.07555
20080304 -0.07691
20080305 -0.07843
20080306 -0.08013
20080307 -0.08199
20080308 -0.08401
20080309 -0.08619
20080310 -0.08852
20080311 -0.09101
20080312 -0.09364
20080313 999999.00000
20080314 -0.09929
20080315 -0.10229
20080316 -0.10540
20080317 -0.10859
20080318 -0.11187
20080319 -0.11521
20080320 -0.11859
20080321 -0.12199
20080322 -0.12540
20080323 -0.12879
20080324 -0.13213
20080325 -0.13539
20080326 -0.13853
20080327 -0.14149
20080328 -0.14417
20080329 -0.14652
20080330 -0.14855
20080331 -0.15028
20080401 -0.15176
20080402 -0.15301
20080403 -0.15401
20080404 -0.15482
20080405 -0.15545
20080406 -0.15592
20080407 -0.15623
20080408 -0.15641
20080409 -0.15646
20080410 -0.15637
20080411 -0.15616
20080412 -0.15584
20080413 -0.15539
20080414 -0.15482
20080415 -0.15414
20080416 -0.15335
20080417 -0.15243
20080418 -0.15139
20080419 -0.15022
20080420 -0.14893
20080421 -0.14749
20080422 -0.14590
20080423 -0.14413
20080424 -0.14218
20080425 -0.14001
20080426 -0.13756
20080427 -0.13475
20080428 -0.13141
20080429 -0.12773
20080430 -0.12377
20080501 -0.11961
20080502 -0.11528
20080503 -0.11080
20080504 -0.10623
20080505 -0.10158
20080506 -0.09688
20080507 -0.09217
20080508 -0.08746
20080509 -0.08279
20080510 -0.07818
20080511 -0.07365
20080512 -0.06923
20080513 -0.06495
20080514 -0.06083
20080515 -0.05688
20080516 -0.05314
20080517 -0.04963
20080518 -0.04636
20080519 -0.04336
20080520 -0.04064
20080521 -0.03823
20080522 -0.03613
20080523 -0.03437
20080524 -0.03295
20080525 -0.03190
20080526 -0.03121
20080527 -0.03090
20080528 -0.03097
20080529 -0.03143
20080530 -0.03227
20080531 -0.03349
20080601 -0.03510
20080602 -0.03712
20080603 -0.03955
20080604 -0.04239
20080605 -0.04563
20080606 -0.04928
20080607 -0.05331
20080608 -0.05773
20080609 -0.06253
20080610 -0.06769
20080611 -0.07320
20080612 -0.07904
20080613 -0.08519
20080614 -0.09165
20080615 -0.09838
20080616 -0.10538
20080617 -0.11262
20080618 -0.12008
20080619 -0.12774
20080620 -0.13557
20080621 -0.14357
20080622 -0.15169
20080623 -0.15993
20080624 -0.16825
20080625 -0.17663
20080626 -0.18505
20080627 -0.19347
20080628 -0.20189
20080629 -0.21026
20080630 -0.21857
20080701 -0.22679
20080702 -0.23490
20080703 -0.24287
20080704 -0.25067
20080705 -0.25828
20080706 -0.26567
20080707 -0.27280
20080708 -0.27965
20080709 -0.28616
20080710 -0.29227
20080711 -0.29782
20080712 -0.30291
20080713 -0.30766
20080714 -0.31211
20080715 -0.31629
20080716 -0.32023
20080717 -0.32394
20080718 -0.32741
20080719 -0.33065
20080720 -0.33365
20080721 -0.33641
20080722 -0.33889
20080723 -0.34107
20080724 -0.34289
20080725 -0.34430
20080726 -0.34529
20080727 -0.34588
20080728 -0.34600
20080729 -0.34555
20080730 -0.34441
20080731 -0.34273
20080801 -0.34053
20080802 -0.33786
20080803 -0.33474
20080804 -0.33120
20080805 -0.32724
20080806 -0.32286
20080807 -0.31807
20080808 -0.31285
20080809 -0.30720
20080810 -0.30112
20080811 -0.29457
20080812 -0.28753
20080813 -0.27994
20080814 -0.27172
20080815 -0.26300
20080816 -0.25383
20080817 -0.24424
20080818 -0.23428
20080819 -0.22393
20080820 -0.21327
20080821 -0.20232
20080822 -0.19112
20080823 -0.17969
20080824 -0.16807
20080825 -0.15628
20080826 -0.14436
20080827 -0.13233
20080828 -0.12021
20080829 -0.10804
20080830 -0.09585
20080831 -0.08366
20080901 -0.07150
20080902 -0.05939
20080903 -0.04736
20080904 -0.03545
20080905 -0.02366
20080906 -0.01203
20080907 -0.00058
20080908 0.01066
20080909 0.02168
20080910 0.03246
20080911 0.04297
20080912 0.05320
20080913 0.06314
20080914 0.07281
20080915 0.08216
20080916 0.09116
20080917 0.09979
20080918 0.10804
20080919 0.11589
20080920 0.12332
20080921 0.13033
20080922 0.13690
20080923 0.14303
20080924 0.14871
20080925 0.15393
20080926 0.15869
20080927 0.16299
20080928 0.16684
20080929 0.17022
20080930 0.17316
20081001 0.17564
20081002 0.17769
20081003 0.17931
20081004 0.18050
20081005 0.18128
20081006 0.18167
20081007 0.18168
20081008 0.18132
20081009 0.18061
20081010 0.17957
20081011 0.17822
20081012 0.17658
20081013 0.17467
20081014 0.17252
20081015 0.17014
20081016 0.16756
20081017 0.16480
20081018 0.16190
20081019 0.15887
20081020 0.15575
20081021 0.15256
20081022 0.14934
20081023 0.14612
20081024 0.14293
20081025 0.13980
20081026 0.13678
20081027 0.13391
20081028 0.13123
20081029 0.12881
20081030 0.12671
20081031 0.12502
20081101 0.12389
20081102 0.12366
20081103 0.12428
20081104 0.12543
20081105 0.12699
20081106 0.12889
20081107 0.13105
20081108 0.13344
20081109 0.13604
20081110 0.13880
20081111 0.14172
20081112 0.14478
20081113 0.14798
20081114 0.15134
20081115 0.15485
20081116 0.15858
20081117 0.16257
20081118 0.16682
20081119 0.17132
20081120 0.17609
20081121 0.18119
20081122 0.18671
20081123 0.19280
20081124 0.19990
20081125 0.20803
20081126 0.21678
20081127 0.22599
20081128 0.23556
20081129 0.24542
20081130 0.25552
20081201 0.26581
20081202 0.27627
20081203 0.28687
20081204 0.29760
20081205 0.30846
20081206 0.31945
20081207 0.33069
20081208 0.34205
20081209 0.35342
20081210 0.36475
20081211 0.37600
20081212 0.38711
20081213 0.39805
20081214 0.40878
20081215 0.41927
20081216 0.42949
20081217 0.43940
20081218 0.44899
20081219 0.45822
20081220 0.46707
20081221 0.47552
20081222 0.48356
20081223 0.49115
20081224 0.49830
20081225 0.50498
20081226 0.51119
20081227 0.51692
20081228 0.52215
20081229 0.52689
20081230 0.53113
20081231 0.53488
20090101 0.53813
20090102 0.54089
20090103 0.54316
20090104 0.54497
20090105 0.54630
20090106 0.54719
20090107 0.54765
20090108 0.54768
20090109 0.54732
20090110 0.54657
20090111 0.54547
20090112 0.54405
20090113 0.54231
20090114 0.54031
20090115 0.53805
20090116 0.53559
20090117 0.53295
20090118 0.53017
20090119 0.52729
20090120 0.52437
20090121 0.52146
20090122 0.51865
20090123 0.51609
20090124 0.51391
20090125 0.51191
20090126 0.50999
20090127 0.50809
20090128 0.50616
20090129 0.50418
20090130 0.50212
20090131 0.49995
20090201 0.49764
20090202 0.49518
20090203 0.49254
20090204 0.48970
20090205 0.48665
20090206 0.48337
20090207 0.47985
20090208 0.47606
20090209 0.47200
20090210 0.46765
20090211 0.46301
20090212 0.45808
20090213 0.45283
20090214 0.44728
20090215 0.44141
20090216 0.43523
20090217 0.42875
20090218 0.42195
20090219 0.41486
20090220 0.40748
20090221 0.39982
20090222 0.39190
20090223 0.38371
20090224 0.37530
20090225 0.36667
20090226 0.35787
20090227 0.34891
20090228 0.33980
20090301 0.33054
20090302 0.32115
20090303 0.31166
20090304 0.30208
20090305 0.29245
20090306 0.28279
20090307 0.27312
20090308 0.26348
20090309 0.25391
20090310 0.24445
20090311 0.23516
20090312 0.22613
20090313 0.21761
20090314 0.20943
20090315 0.20149
20090316 0.19375
20090317 0.18621
20090318 0.17885
20090319 0.17168
20090320 0.16470
20090321 0.15792
20090322 0.15135
20090323 0.14501
20090324 0.13892
20090325 0.13310
20090326 0.12758
20090327 0.12238
20090328 0.11756
20090329 0.11315
20090330 0.10923
20090331 0.10593
20090401 0.10351
20090402 0.10179
20090403 0.10055
20090404 0.09969
20090405 0.09913
20090406 0.09884
20090407 0.09877
20090408 0.09889
20090409 0.09918
20090410 0.09961
20090411 0.10017
20090412 0.10084
20090413 0.10158
20090414 0.10237
20090415 0.10320
20090416 0.10406
20090417 0.10493
20090418 0.10580
20090419 0.10667
20090420 0.10753
20090421 0.10837
20090422 0.10919
20090423 0.11000
20090424 0.11078
20090425 0.11156
20090426 0.11232
20090427 0.11308
20090428 0.11385
20090429 0.11464
20090430 0.11547
20090501 0.11636
20090502 0.11735
20090503 0.11850
20090504 0.11995
20090505 0.12159
20090506 0.12335
20090507 0.12518
20090508 0.12708
20090509 0.12902
20090510 0.13099
20090511 0.13303
20090512 0.13510
20090513 0.13717
20090514 0.13922
20090515 0.14127
20090516 0.14330
20090517 0.14532
20090518 0.14733
20090519 0.14937
20090520 0.15144
20090521 0.15350
20090522 0.15553
20090523 0.15754
20090524 0.15952
20090525 0.16148
20090526 0.16342
20090527 0.16536
20090528 0.16731
20090529 0.16931
20090530 0.17137
20090531 0.17349
20090601 0.17567
20090602 0.17795
20090603 0.18033
20090604 0.18286
20090605 0.18557
20090606 0.18851
20090607 0.19174
20090608 0.19537
20090609 0.19954
20090610 0.20414
20090611 0.20916
20090612 0.21462
20090613 0.22054
20090614 0.22698
20090615 0.23405
20090616 0.24189
20090617 0.25089
20090618 0.26077
20090619 0.27130
20090620 0.28236
20090621 0.29388
20090622 0.30579
20090623 0.31803
20090624 0.33055
20090625 0.34330
20090626 0.35624
20090627 0.36932
20090628 0.38250
20090629 0.39574
20090630 0.40900
20090701 0.42224
20090702 0.43542
20090703 0.44850
20090704 0.46145
20090705 0.47423
20090706 0.48680
20090707 0.49913
20090708 0.51118
20090709 0.52291
20090710 0.53429
20090711 0.54529
20090712 0.55588
20090713 0.56602
20090714 0.57568
20090715 0.58485
20090716 0.59348
20090717 0.60157
20090718 0.60907
20090719 0.61598
20090720 0.62227
20090721 0.62793
20090722 0.63294
20090723 0.63729
20090724 0.64096
20090725 0.64396
20090726 0.64626
20090727 0.64788
20090728 0.64881
20090729 0.64905
20090730 0.64860
20090731 0.64747
20090801 0.64567
20090802 0.64321
20090803 0.64010
20090804 0.63635
20090805 0.63198
20090806 0.62701
20090807 0.62146
20090808 0.61535
20090809 0.60870
20090810 0.60154
20090811 0.59389
20090812 0.58578
20090813 0.57724
20090814 0.56829
20090815 0.55897
20090816 0.54930
20090817 0.53931
20090818 0.52904
20090819 0.51851
20090820 0.50777
20090821 0.49682
20090822 0.48572
20090823 0.47448
20090824 0.46315
20090825 0.45174
20090826 0.44029
20090827 0.42883
20090828 0.41739
20090829 0.40600
20090830 0.39468
20090831 0.38347
20090901 0.37240
20090902 0.36155
20090903 0.35093
20090904 0.34052
20090905 0.33031
20090906 0.32031
20090907 0.31054
20090908 0.30101
20090909 0.29171
20090910 0.28266
20090911 0.27387
20090912 0.26535
20090913 0.25711
20090914 0.24915
20090915 0.24149
20090916 0.23413
20090917 0.22710
20090918 0.22040
20090919 0.21406
20090920 0.20812
20090921 0.20265
20090922 0.19772
20090923 0.19318
20090924 0.18896
20090925 0.18502
20090926 0.18135
20090927 0.17792
20090928 0.17471
20090929 0.17174
20090930 0.16899
20091001 0.16649
20091002 0.16425
20091003 0.16235
20091004 0.16090
20091005 0.15975
20091006 0.15879
20091007 0.15795
20091008 0.15720
20091009 0.15650
20091010 0.15582
20091011 0.15515
20091012 0.15445
20091013 0.15372
20091014 0.15294
20091015 0.15209
20091016 0.15118
20091017 0.15018
20091018 0.14909
20091019 0.14792
20091020 0.14664
20091021 0.14527
20091022 0.14379
20091023 0.14222
20091024 0.14055
20091025 0.13878
20091026 0.13691
20091027 0.13496
20091028 0.13293
20091029 0.13082
20091030 0.12864
20091031 0.12640
20091101 0.12411
20091102 0.12179
20091103 0.11943
20091104 0.11706
20091105 0.11468
20091106 0.11232
20091107 0.10998
20091108 0.10768
20091109 0.10543
20091110 0.10326
20091111 0.10118
20091112 0.09922
20091113 0.09739
20091114 0.09572
20091115 0.09422
20091116 0.09291
20091117 0.09183
20091118 0.09099
20091119 0.09044
20091120 0.09024
20091121 0.09052
20091122 0.09132
20091123 0.09261
20091124 0.09441
20091125 0.09678
20091126 0.09965
20091127 0.10298
20091128 0.10677
20091129 0.11098
20091130 0.11564
20091201 0.12075
20091202 0.12635
20091203 0.13249
20091204 0.13928
20091205 0.14695
20091206 0.15529
20091207 0.16417
20091208 0.17353
20091209 0.18335
20091210 0.19361
20091211 0.20421
20091212 0.21511
20091213 0.22628
20091214 0.23767
20091215 0.24925
20091216 0.26100
20091217 0.27287
20091218 0.28485
20091219 0.29689
20091220 0.30897
20091221 0.32105
20091222 0.33310
20091223 0.34509
20091224 0.35701
20091225 0.36881
20091226 0.38047
20091227 0.39197
20091228 0.40326
20091229 0.41432
20091230 0.42512
20091231 0.43562
20100101 0.44579
20100102 0.45562
20100103 0.46507
20100104 0.47413
20100105 0.48277
20100106 0.49097
20100107 0.49872
20100108 0.50599
20100109 0.51278
20100110 0.51907
20100111 0.52486
20100112 0.53013
20100113 0.53487
20100114 0.53910
20100115 0.54280
20100116 0.54597
20100117 0.54863
20100118 0.55077
20100119 0.55241
20100120 0.55357
20100121 0.55424
20100122 0.55446
20100123 0.55424
20100124 0.55361
20100125 0.55258
20100126 0.55119
20100127 0.54948
20100128 0.54746
20100129 0.54518
20100130 0.54268
20100131 0.53999
20100201 0.53716
20100202 0.53421
20100203 0.53118
20100204 0.52811
20100205 0.52502
20100206 0.52193
20100207 0.51884
20100208 0.51578
20100209 0.51275
20100210 0.50976
20100211 0.50680
20100212 0.50390
20100213 0.50105
20100214 0.49828
20100215 0.49559
20100216 0.49299
20100217 0.49051
20100218 0.48816
20100219 0.48597
20100220 0.48397
20100221 0.48219
20100222 0.48068
20100223 0.47950
20100224 0.47876
20100225 0.47869
20100226 0.47914
20100227 0.48005
20100228 0.48126
20100301 0.48267
20100302 0.48420
20100303 0.48581
20100304 0.48745
20100305 0.48909
20100306 0.49068
20100307 0.49222
20100308 0.49369
20100309 0.49506
20100310 0.49634
20100311 0.49753
20100312 0.49864
20100313 0.49973
20100314 0.50081
20100315 0.50181
20100316 0.50268
20100317 0.50341
20100318 0.50399
20100319 0.50440
20100320 0.50464
20100321 0.50472
20100322 0.50463
20100323 0.50439
20100324 0.50400
20100325 0.50347
20100326 0.50284
20100327 0.50211
20100328 0.50129
20100329 0.50038
20100330 0.49941
20100331 0.49840
20100401 0.49736
20100402 0.49631
20100403 0.49529
20100404 0.49431
20100405 0.49339
20100406 0.49256
20100407 0.49185
20100408 0.49128
20100409 0.49087
20100410 0.49067
20100411 0.49070
20100412 0.49100
20100413 0.49160
20100414 0.49255
20100415 0.49391
20100416 0.49574
20100417 0.49810
20100418 0.50109
20100419 0.50485
20100420 0.50963
20100421 0.51548
20100422 0.52261
20100423 0.53099
20100424 0.54041
20100425 0.55086
20100426 0.56249
20100427 0.57522
20100428 0.58886
20100429 0.60328
20100430 0.61843
20100501 0.63425
20100502 0.65068
20100503 0.66770
20100504 0.68527
20100505 0.70335
20100506 0.72193
20100507 0.74098
20100508 0.76048
20100509 0.78041
20100510 0.80076
20100511 0.82152
20100512 0.84268
20100513 0.86427
20100514 0.88634
20100515 0.90879
20100516 0.93157
20100517 0.95466
20100518 0.97804
20100519 1.00169
20100520 1.02559
20100521 1.04972
20100522 1.07405
20100523 1.09856
20100524 1.12320
20100525 1.14795
20100526 1.17275
20100527 1.19757
20100528 1.22235
20100529 1.24704
20100530 1.27157
20100531 1.29589
20100601 1.31994
20100602 1.34366
20100603 1.36698
20100604 1.38983
20100605 1.41216
20100606 1.43391
20100607 1.45500
20100608 1.47538
20100609 1.49499
20100610 1.51377
20100611 1.53167
20100612 1.54862
20100613 1.56457
20100614 1.57949
20100615 1.59331
20100616 1.60599
20100617 1.61750
20100618 1.62779
20100619 1.63684
20100620 1.64461
20100621 1.65107
20100622 1.65621
20100623 1.66001
20100624 1.66245
20100625 1.66353
20100626 1.66324
20100627 1.66159
20100628 1.65858
20100629 1.65421
20100630 1.64851
20100701 1.64149
20100702 1.63317
20100703 1.62359
20100704 1.61277
20100705 1.60075
20100706 1.58757
20100707 1.57327
20100708 1.55790
20100709 1.54150
20100710 1.52413
20100711 1.50584
20100712 1.48670
20100713 1.46674
20100714 1.44605
20100715 1.42467
20100716 1.40267
20100717 1.38012
20100718 1.35708
20100719 1.33362
20100720 1.30980
20100721 1.28568
20100722 1.26133
20100723 1.23681
20100724 1.21220
20100725 1.18755
20100726 1.16292
20100727 1.13837
20100728 1.11398
20100729 1.08979
20100730 1.06587
20100731 1.04228
20100801 1.01907
20100802 0.99632
20100803 0.97409
20100804 999999.00000
20100805 0.93151
20100806 0.91137
20100807 0.89229
20100808 0.87453
20100809 0.85767
20100810 0.84148
20100811 0.82587
20100812 0.81076
20100813 0.79610
20100814 0.78186
20100815 0.76803
20100816 0.75459
20100817 0.74156
20100818 0.72894
20100819 0.71675
20100820 0.70504
20100821 0.69384
20100822 0.68322
20100823 0.67325
20100824 0.66409
20100825 0.65595
20100826 0.64872
20100827 0.64240
20100828 0.63713
20100829 0.63324
20100830 0.63070
20100831 0.62921
20100901 0.62866
20100902 0.62900
20100903 0.63018
20100904 0.63220
20100905 0.63506
20100906 0.63879
20100907 0.64338
20100908 0.64880
20100909 0.65507
20100910 0.66221
20100911 0.67023
20100912 0.67920
20100913 0.68919
20100914 0.70033
20100915 0.71293
20100916 0.72683
20100917 0.74180
20100918 0.75773
20100919 0.77455
20100920 0.79221
20100921 0.81068
20100922 0.82992
20100923 0.84989
20100924 0.87057
20100925 0.89192
20100926 0.91390
20100927 0.93648
20100928 0.95961
20100929 0.98324
20100930 1.00732
20101001 1.03179
20101002 1.05661
20101003 1.08172
20101004 1.10705
20101005 1.13254
20101006 1.15814
20101007 1.18378
20101008 1.20940
20101009 1.23493
20101010 1.26030
20101011 1.28546
20101012 1.31032
20101013 1.33483
20101014 1.35892
20101015 1.38251
20101016 1.40555
20101017 1.42796
20101018 1.44969
20101019 1.47066
20101020 1.49081
20101021 1.51008
20101022 1.52842
20101023 1.54577
20101024 1.56206
20101025 1.57726
20101026 1.59130
20101027 1.60416
20101028 1.61578
20101029 1.62613
20101030 1.63518
20101031 1.64289
20101101 1.64924
20101102 1.65423
20101103 1.65786
20101104 1.66008
20101105 1.66088
20101106 1.66028
20101107 1.65825
20101108 1.65482
20101109 1.65000
20101110 1.64381
20101111 1.63627
20101112 1.62740
20101113 1.61724
20101114 1.60582
20101115 1.59320
20101116 1.57941
20101117 1.56450
20101118 1.54854
20101119 1.53157
20101120 1.51366
20101121 1.49488
20101122 1.47528
20101123 1.45496
20101124 1.43397
20101125 1.41241
20101126 1.39035
20101127 1.36788
20101128 1.34509
20101129 1.32207
20101130 1.29893
20101201 1.27577
20101202 1.25271
20101203 1.22987
20101204 1.20739
20101205 999999.00000
20101206 1.16428
20101207 1.14419
20101208 1.12600
20101209 1.10936
20101210 1.09359
20101211 1.07840
20101212 1.06361
20101213 1.04909
20101214 1.03475
20101215 1.02052
20101216 1.00634
20101217 0.99218
20101218 0.97801
20101219 0.96380
20101220 0.94957
20101221 0.93530
20101222 0.92100
20101223 0.90670
20101224 0.89240
20101225 0.87815
20101226 0.86398
20101227 0.84994
20101228 0.83609
20101229 0.82257
20101230 0.80953
20101231 0.79688
20110101 0.78450
20110102 0.77235
20110103 0.76040
20110104 0.74865
20110105 0.73709
20110106 0.72571
20110107 0.71452
20110108 0.70352
20110109 0.69273
20110110 0.68214
20110111 0.67178
20110112 0.66165
20110113 0.65176
20110114 0.64213
20110115 0.63276
20110116 0.62369
20110117 0.61491
20110118 0.60646
20110119 0.59834
20110120 0.59060
20110121 0.58328
20110122 0.57653
20110123 0.57041
20110124 0.56464
20110125 0.55907
20110126 0.55363
20110127 0.54825
20110128 0.54288
20110129 0.53748
20110130 0.53202
20110131 0.52647
20110201 0.52080
20110202 0.51501
20110203 0.50907
20110204 0.50297
20110205 0.49671
20110206 0.49030
20110207 0.48374
20110208 0.47699
20110209 0.47005
20110210 0.46292
20110211 0.45561
20110212 0.44812
20110213 0.44045
20110214 0.43260
20110215 0.42460
20110216 0.41644
20110217 0.40814
20110218 0.39972
20110219 0.39118
20110220 0.38255
20110221 0.37383
20110222 0.36504
20110223 0.35621
20110224 0.34734
20110225 0.33847
20110226 0.32960
20110227 0.32076
20110228 0.31197
20110301 0.30326
20110302 0.29464
20110303 0.28614
20110304 0.27779
20110305 0.26962
20110306 0.26165
20110307 0.25393
20110308 0.24650
20110309 0.23942
20110310 0.23284
20110311 0.22673
20110312 0.22105
20110313 0.21578
20110314 0.21089
20110315 0.20633
20110316 0.20208
20110317 0.19815
20110318 0.19453
20110319 0.19124
20110320 0.18836
20110321 0.18590
20110322 0.18372
20110323 0.18175
20110324 0.17994
20110325 0.17827
20110326 0.17671
20110327 0.17522
20110328 0.17380
20110329 0.17243
20110330 0.17110
20110331 0.16978
20110401 0.16848
20110402 0.16719
20110403 0.16590
20110404 0.16462
20110405 0.16334
20110406 0.16207
20110407 0.16080
20110408 0.15952
20110409 0.15823
20110410 0.15694
20110411 0.15564
20110412 0.15435
20110413 0.15307
20110414 0.15181
20110415 0.15057
20110416 0.14938
20110417 0.14825
20110418 0.14720
20110419 0.14625
20110420 0.14543
20110421 0.14478
20110422 0.14436
20110423 0.14429
20110424 0.14463
20110425 0.14526
20110426 0.14615
20110427 0.14729
20110428 0.14864
20110429 0.15020
20110430 0.15195
20110501 0.15388
20110502 0.15597
20110503 0.15822
20110504 0.16061
20110505 0.16314
20110506 0.16578
20110507 0.16854
20110508 0.17140
20110509 0.17439
20110510 0.17753
20110511 0.18077
20110512 0.18404
20110513 0.18731
20110514 0.19056
20110515 0.19375
20110516 0.19688
20110517 0.19991
20110518 0.20284
20110519 0.20564
20110520 0.20831
20110521 0.21084
20110522 0.21320
20110523 0.21540
20110524 0.21743
20110525 0.21928
20110526 0.22096
20110527 0.22248
20110528 0.22383
20110529 0.22505
20110530 0.22618
20110531 0.22719
20110601 0.22805
20110602 0.22874
20110603 0.22925
20110604 0.22958
20110605 0.22973
20110606 0.22968
20110607 0.22944
20110608 0.22901
20110609 0.22840
20110610 0.22760
20110611 0.22663
20110612 0.22548
20110613 0.22417
20110614 0.22269
20110615 0.22107
20110616 0.21931
20110617 0.21742
20110618 0.21542
20110619 0.21332
20110620 0.21112
20110621 0.20883
20110622 0.20646
20110623 0.20403
20110624 0.20153
20110625 0.19899
20110626 0.19642
20110627 0.19382
20110628 0.19121
20110629 0.18861
20110630 0.18603
20110701 0.18348
20110702 0.18099
20110703 0.17856
20110704 0.17623
20110705 0.17399
20110706 0.17188
20110707 0.16992
20110708 0.16812
20110709 0.16653
20110710 0.16517
20110711 0.16407
20110712 0.16329
20110713 0.16289
20110714 0.16296
20110715 0.16374
20110716 0.16511
20110717 0.16690
20110718 0.16903
20110719 0.17144
20110720 0.17410
20110721 0.17696
20110722 0.18001
20110723 0.18322
20110724 0.18658
20110725 0.19009
20110726 0.19376
20110727 0.19751
20110728 0.20132
20110729 0.20514
20110730 0.20896
20110731 0.21275
20110801 0.21649
20110802 0.22016
20110803 0.22376
20110804 0.22726
20110805 0.23067
20110806 0.23396
20110807 0.23713
20110808 0.24017
20110809 0.24309
20110810 0.24589
20110811 0.24856
20110812 0.25111
20110813 0.25353
20110814 0.25581
20110815 0.25795
20110816 0.25994
20110817 0.26180
20110818 0.26351
20110819 0.26509
20110820 0.26653
20110821 0.26784
20110822 0.26904
20110823 0.27012
20110824 0.27110
20110825 0.27199
20110826 0.27281
20110827 0.27356
20110828 0.27427
20110829 0.27495
20110830 0.27564
20110831 0.27635
20110901 0.27714
20110902 0.27806
20110903 0.27921
20110904 0.28074
20110905 0.28249
20110906 0.28440
20110907 0.28641
20110908 0.28852
20110909 0.29073
20110910 0.29308
20110911 0.29555
20110912 0.29809
20110913 0.30068
20110914 0.30331
20110915 0.30596
20110916 0.30863
20110917 0.31131
20110918 0.31399
20110919 0.31668
20110920 0.31938
20110921 0.32208
20110922 0.32479
20110923 0.32751
20110924 0.33026
20110925 0.33302
20110926 0.33583
20110927 0.33869
20110928 0.34161
20110929 0.34461
20110930 0.34772
20111001 0.35096
20111002 0.35436
20111003 0.35797
20111004 0.36184
20111005 0.36606
20111006 0.37083
20111007 0.37615
20111008 0.38183
20111009 0.38781
20111010 0.39406
20111011 0.40059
20111012 0.40749
20111013 0.41494
20111014 0.42271
20111015 0.43067
20111016 0.43874
20111017 0.44686
20111018 0.45499
20111019 0.46308
20111020 0.47110
20111021 0.47900
20111022 0.48676
20111023 0.49434
20111024 0.50171
20111025 0.50883
20111026 0.51568
20111027 0.52222
20111028 0.52844
20111029 0.53430
20111030 0.53979
20111031 0.54487
20111101 0.54954
20111102 0.55376
20111103 0.55753
20111104 0.56082
20111105 0.56364
20111106 0.56595
20111107 0.56777
20111108 0.56907
20111109 0.56986
20111110 0.57014
20111111 0.56991
20111112 0.56917
20111113 0.56793
20111114 0.56619
20111115 0.56396
20111116 0.56124
20111117 0.55805
20111118 0.55441
20111119 0.55031
20111120 0.54580
20111121 0.54087
20111122 0.53556
20111123 0.52989
20111124 0.52388
20111125 0.51757
20111126 0.51097
20111127 0.50413
20111128 0.49706
20111129 0.48982
20111130 0.48242
20111201 0.47491
20111202 0.46733
20111203 0.45972
20111204 0.45211
20111205 0.44458
20111206 0.43716
20111207 0.42992
20111208 0.42289
20111209 0.41612
20111210 0.40964
20111211 0.40353
20111212 0.39784
20111213 0.39270
20111214 0.38835
20111215 0.38481
20111216 0.38186
20111217 0.37942
20111218 0.37746
20111219 0.37596
20111220 0.37490
20111221 0.37432
20111222 0.37428
20111223 0.37479
20111224 0.37579
20111225 0.37722
20111226 0.37910
20111227 0.38151
20111228 999999.00000
20111229 0.38744
20111230 0.39078
20111231 0.39429
20120101 0.39792
20120102 0.40163
20120103 0.40540
20120104 0.40919
20120105 0.41297
20120106 0.41673
20120107 0.42044
20120108 0.42408
20120109 0.42763
20120110 0.43109
20120111 0.43444
20120112 0.43767
20120113 0.44077
20120114 0.44374
20120115 0.44657
20120116 0.44927
20120117 0.45183
20120118 0.45426
20120119 0.45656
20120120 0.45875
20120121 0.46083
20120122 0.46282
20120123 0.46473
20120124 0.46661
20120125 0.46847
20120126 0.47039
20120127 0.47247
20120128 0.47465
20120129 0.47690
20120130 0.47919
20120131 0.48154
20120201 0.48397
20120202 0.48657
20120203 0.48959
20120204 0.49318
20120205 0.49694
20120206 0.50074
20120207 0.50451
20120208 0.50818
20120209 0.51172
20120210 0.51508
20120211 0.51823
20120212 0.52115
20120213 0.52379
20120214 0.52613
20120215 0.52815
20120216 0.52983
20120217 0.53114
20120218 0.53206
20120219 0.53258
20120220 0.53269
20120221 0.53236
20120222 0.53159
20120223 999999.00000
20120224 0.52870
20120225 0.52656
20120226 0.52395
20120227 0.52087
20120228 0.51733
20120229 0.51331
20120301 0.50884
20120302 0.50391
20120303 0.49854
20120304 0.49272
20120305 0.48648
20120306 0.47983
20120307 0.47278
20120308 0.46534
20120309 0.45754
20120310 0.44940
20120311 0.44093
20120312 0.43215
20120313 0.42310
20120314 0.41378
20120315 0.40423
20120316 0.39447
20120317 0.38452
20120318 0.37442
20120319 0.36419
20120320 0.35385
20120321 0.34344
20120322 0.33299
20120323 0.32251
20120324 0.31206
20120325 0.30164
20120326 0.29130
20120327 0.28107
20120328 0.27099
20120329 0.26110
20120330 0.25145
20120331 0.24211
20120401 0.23318
20120402 0.22484
20120403 0.21699
20120404 0.20956
20120405 0.20240
20120406 0.19543
20120407 0.18860
20120408 0.18188
20120409 0.17521
20120410 0.16858
20120411 0.16196
20120412 0.15533
20120413 0.14870
20120414 0.14205
20120415 0.13534
20120416 0.12857
20120417 0.12172
20120418 0.11479
20120419 0.10778
20120420 0.10068
20120421 0.09350
20120422 0.08623
20120423 0.07888
20120424 0.07146
20120425 0.06397
20120426 0.05642
20120427 0.04883
20120428 0.04121
20120429 0.03357
20120430 0.02595
20120501 0.01836
20120502 0.01083
20120503 0.00339
20120504 -0.00390
20120505 -0.01100
20120506 -0.01782
20120507 -0.02420
20120508 -0.02998
20120509 -0.03542
20120510 -0.04060
20120511 -0.04556
20120512 -0.05035
20120513 -0.05498
20120514 -0.05947
20120515 -0.06383
20120516 -0.06806
20120517 -0.07217
20120518 -0.07616
20120519 -0.08000
20120520 -0.08370
20120521 -0.08723
20120522 -0.09056
20120523 -0.09361
20120524 -0.09633
20120525 -0.09884
20120526 -0.10117
20120527 -0.10337
20120528 -0.10542
20120529 -0.10735
20120530 -0.10919
20120531 -0.11097
20120601 -0.11270
20120602 -0.11440
20120603 -0.11608
20120604 -0.11775
20120605 -0.11943
20120606 -0.12113
20120607 -0.12284
20120608 -0.12459
20120609 -0.12637
20120610 -0.12818
20120611 -0.13004
20120612 -0.13195
20120613 -0.13389
20120614 -0.13587
20120615 -0.13788
20120616 -0.13993
20120617 -0.14202
20120618 -0.14420
20120619 -0.14646
20120620 -0.14881
20120621 -0.15126
20120622 -0.15381
20120623 -0.15647
20120624 -0.15923
20120625 -0.16210
20120626 -0.16508
20120627 -0.16816
20120628 -0.17135
20120629 -0.17464
20120630 -0.17802
20120701 -0.18150
20120702 -0.18507
20120703 -0.18873
20120704 -0.19245
20120705 -0.19625
20120706 -0.20012
20120707 -0.20403
20120708 -0.20799
20120709 -0.21199
20120710 -0.21600
20120711 -0.22002
20120712 -0.22404
20120713 -0.22804
20120714 -0.23199
20120715 -0.23589
20120716 -0.23969
20120717 -0.24338
20120718 -0.24688
20120719 -0.25012
20120720 -0.25319
20120721 -0.25611
20120722 -0.25891
20120723 -0.26159
20120724 -0.26416
20120725 -0.26661
20120726 -0.26894
20120727 -0.27116
20120728 -0.27324
20120729 -0.27518
20120730 -0.27697
20120731 -0.27860
20120801 -0.28004
20120802 -0.28127
20120803 -0.28226
20120804 -0.28296
20120805 -0.28324
20120806 -0.28310
20120807 -0.28267
20120808 -0.28203
20120809 -0.28120
20120810 -0.28022
20120811 -0.27910
20120812 -0.27789
20120813 -0.27658
20120814 -0.27520
20120815 -0.27376
20120816 -0.27226
20120817 -0.27071
20120818 -0.26914
20120819 -0.26756
20120820 -0.26599
20120821 -0.26443
20120822 -0.26289
20120823 -0.26139
20120824 -0.25992
20120825 -0.25850
20120826 -0.25712
20120827 -0.25579
20120828 -0.25451
20120829 -0.25328
20120830 -0.25209
20120831 -0.25094
20120901 -0.24984
20120902 -0.24879
20120903 -0.24780
20120904 -0.24686
20120905 -0.24597
20120906 999999.00000
20120907 -0.24439
20120908 -0.24370
20120909 -0.24309
20120910 -0.24254
20120911 -0.24206
20120912 -0.24164
20120913 -0.24128
20120914 -0.24097
20120915 -0.24071
20120916 -0.24048
20120917 -0.24028
20120918 -0.24009
20120919 -0.23990
20120920 -0.23970
20120921 -0.23945
20120922 -0.23915
20120923 -0.23876
20120924 -0.23827
20120925 -0.23764
20120926 -0.23684
20120927 -0.23581
20120928 -0.23450
20120929 -0.23282
20120930 -0.23059
20121001 -0.22789
20121002 -0.22481
20121003 -0.22137
20121004 -0.21755
20121005 -0.21335
20121006 -0.20884
20121007 -0.20406
20121008 -0.19904
20121009 -0.19381
20121010 -0.18839
20121011 -0.18279
20121012 -0.17702
20121013 -0.17109
20121014 -0.16501
20121015 -0.15875
20121016 -0.15238
20121017 -0.14594
20121018 -0.13945
20121019 -0.13292
20121020 -0.12640
20121021 -0.11988
20121022 -0.11340
20121023 -0.10697
20121024 -0.10060
20121025 -0.09433
20121026 -0.08815
20121027 -0.08210
20121028 -0.07617
20121029 -0.07039
20121030 -0.06476
20121031 -0.05930
20121101 -0.05403
20121102 -0.04895
20121103 -0.04407
20121104 -0.03940
20121105 -0.03495
20121106 -0.03072
20121107 -0.02674
20121108 -0.02299
20121109 -0.01949
20121110 -0.01623
20121111 -0.01324
20121112 -0.01050
20121113 -0.00802
20121114 -0.00580
20121115 -0.00384
20121116 -0.00215
20121117 -0.00072
20121118 0.00045
20121119 0.00136
20121120 0.00202
20121121 0.00243
20121122 0.00259
20121123 0.00251
20121124 0.00219
20121125 0.00164
20121126 0.00087
20121127 -0.00011
20121128 -0.00130
20121129 -0.00269
20121130 -0.00426
20121201 -0.00601
20121202 -0.00793
20121203 -0.01000
20121204 -0.01221
20121205 -0.01456
20121206 -0.01702
20121207 -0.01958
20121208 -0.02223
20121209 -0.02496
20121210 -0.02774
20121211 -0.03056
20121212 -0.03340
20121213 -0.03622
20121214 -0.03899
20121215 -0.04174
20121216 -0.04446
20121217 -0.04716
20121218 -0.04983
20121219 -0.05246
20121220 -0.05504
20121221 -0.05756
20121222 -0.06003
20121223 -0.06242
20121224 -0.06474
20121225 -0.06696
20121226 -0.06908
20121227 -0.07109
20121228 -0.07298
20121229 -0.07471
20121230 -0.07628
20121231 -0.07765
20130101 -0.07873
20130102 -0.07947
20130103 -0.07997
20130104 -0.08027
20130105 999999.00000
20130106 -0.08034
20130107 -0.08012
20130108 -0.07973
20130109 -0.07915
20130110 -0.07834
20130111 -0.07726
20130112 -0.07578
20130113 -0.07400
20130114 -0.07197
20130115 -0.06971
20130116 -0.06725
20130117 -0.06459
20130118 -0.06174
20130119 -0.05869
20130120 -0.05544
20130121 -0.05192
20130122 -0.04822
20130123 -0.04436
20130124 -0.04033
20130125 -0.03617
20130126 -0.03188
20130127 -0.02747
20130128 -0.02294
20130129 -0.01830
20130130 -0.01355
20130131 -0.00870
20130201 -0.00374
20130202 0.00134
20130203 0.00653
20130204 0.01187
20130205 0.01739
20130206 0.02317
20130207 0.02913
20130208 0.03520
20130209 0.04137
20130210 0.04760
20130211 0.05387
20130212 0.06015
20130213 0.06643
20130214 0.07269
20130215 0.07893
20130216 0.08512
20130217 0.09127
20130218 0.09736
20130219 0.10340
20130220 0.10938
20130221 0.11530
20130222 0.12117
20130223 0.12699
20130224 0.13277
20130225 0.13855
20130226 0.14434
20130227 0.15020
20130228 0.15631
20130301 0.16276
20130302 0.16929
20130303 0.17582
20130304 0.18228
20130305 0.18863
20130306 0.19483
20130307 0.20085
20130308 0.20666
20130309 0.21222
20130310 0.21752
20130311 0.22252
20130312 0.22721
20130313 0.23157
20130314 0.23556
20130315 0.23919
20130316 0.24242
20130317 0.24525
20130318 0.24765
20130319 0.24963
20130320 0.25116
20130321 0.25225
20130322 0.25287
20130323 0.25303
20130324 0.25273
20130325 0.25196
20130326 0.25073
20130327 0.24903
20130328 0.24687
20130329 0.24426
20130330 0.24120
20130331 0.23771
20130401 0.23379
20130402 0.22946
20130403 0.22473
20130404 0.21962
20130405 0.21414
20130406 0.20832
20130407 0.20217
20130408 0.19573
20130409 0.18900
20130410 0.18201
20130411 0.17479
20130412 0.16736
20130413 0.15976
20130414 0.15200
20130415 0.14411
20130416 0.13612
20130417 0.12807
20130418 0.11998
20130419 0.11187
20130420 0.10379
20130421 0.09577
20130422 0.08783
20130423 0.08003
20130424 0.07240
20130425 0.06500
20130426 0.05795
20130427 0.05140
20130428 0.04515
20130429 0.03910
20130430 0.03320
20130501 0.02741
20130502 0.02171
20130503 0.01607
20130504 0.01048
20130505 0.00492
20130506 -0.00061
20130507 -0.00612
20130508 -0.01161
20130509 -0.01709
20130510 -0.02255
20130511 -0.02799
20130512 -0.03342
20130513 -0.03881
20130514 -0.04417
20130515 -0.04948
20130516 -0.05473
20130517 -0.05991
20130518 -0.06499
20130519 -0.06993
20130520 -0.07468
20130521 -0.07921
20130522 -0.08359
20130523 -0.08783
20130524 -0.09194
20130525 -0.09590
20130526 -0.09972
20130527 -0.10339
20130528 -0.10691
20130529 -0.11025
20130530 -0.11340
20130531 -0.11632
20130601 -0.11898
20130602 -0.12129
20130603 -0.12325
20130604 -0.12488
20130605 -0.12611
20130606 -0.12698
20130607 -0.12754
20130608 -0.12781
20130609 -0.12779
20130610 -0.12749
20130611 -0.12692
20130612 -0.12607
20130613 -0.12493
20130614 -0.12351
20130615 -0.12178
20130616 -0.11968
20130617 -0.11729
20130618 -0.11464
20130619 -0.11173
20130620 -0.10859
20130621 -0.10524
20130622 -0.10167
20130623 -0.09791
20130624 -0.09396
20130625 -0.08983
20130626 -0.08552
20130627 -0.08102
20130628 -0.07637
20130629 -0.07161
20130630 -0.06675
20130701 -0.06183
20130702 -0.05686
20130703 -0.05187
20130704 -0.04688
20130705 -0.04191
20130706 -0.03697
20130707 -0.03210
20130708 -0.02730
20130709 -0.02261
20130710 -0.01803
20130711 -0.01359
20130712 -0.00931
20130713 -0.00520
20130714 -0.00128
20130715 0.00242
20130716 0.00591
20130717 0.00915
20130718 0.01214
20130719 0.01486
20130720 0.01729
20130721 0.01944
20130722 0.02129
20130723 0.02282
20130724 0.02404
20130725 0.02493
20130726 0.02549
20130727 0.02572
20130728 0.02561
20130729 0.02517
20130730 0.02439
20130731 0.02329
20130801 0.02186
20130802 0.02011
20130803 0.01804
20130804 0.01568
20130805 0.01302
20130806 0.01009
20130807 0.00690
20130808 0.00346
20130809 -0.00021
20130810 -0.00408
20130811 -0.00813
20130812 -0.01234
20130813 -0.01668
20130814 -0.02112
20130815 -0.02564
20130816 -0.03020
20130817 -0.03477
20130818 -0.03933
20130819 -0.04384
20130820 -0.04827
20130821 -0.05257
20130822 -0.05671
20130823 -0.06064
20130824 -0.06431
20130825 -0.06766
20130826 -0.07063
20130827 -0.07313
20130828 -0.07507
20130829 -0.07623
20130830 -0.07636
20130831 -0.07562
20130901 -0.07420
20130902 -0.07224
20130903 -0.06983
20130904 -0.06704
20130905 -0.06392
20130906 -0.06051
20130907 -0.05685
20130908 -0.05298
20130909 -0.04891
20130910 -0.04464
20130911 -0.04022
20130912 -0.03571
20130913 -0.03115
20130914 -0.02657
20130915 -0.02200
20130916 -0.01746
20130917 -0.01298
20130918 999999.00000
20130919 -0.00428
20130920 -0.00008
20130921 0.00400
20130922 0.00793
20130923 0.01170
20130924 0.01528
20130925 0.01866
20130926 0.02182
20130927 0.02476
20130928 0.02747
20130929 0.02994
20130930 0.03218
20131001 0.03417
20131002 0.03592
20131003 0.03744
20131004 0.03873
20131005 0.03979
20131006 0.04063
20131007 0.04127
20131008 0.04172
20131009 0.04200
20131010 0.04212
20131011 0.04208
20131012 0.04187
20131013 0.04149
20131014 0.04096
20131015 0.04028
20131016 0.03946
20131017 0.03852
20131018 0.03747
20131019 0.03633
20131020 0.03510
20131021 0.03380
20131022 0.03246
20131023 0.03109
20131024 0.02971
20131025 0.02833
20131026 0.02697
20131027 0.02566
20131028 0.02442
20131029 0.02326
20131030 0.02220
20131031 0.02128
20131101 0.02052
20131102 0.01994
20131103 0.01957
20131104 0.01944
20131105 0.01959
20131106 0.02008
20131107 0.02095
20131108 0.02235
20131109 0.02436
20131110 0.02685
20131111 0.02978
20131112 0.03314
20131113 0.03695
20131114 0.04125
20131115 0.04613
20131116 0.05162
20131117 0.05775
20131118 0.06468
20131119 0.07231
20131120 0.08051
20131121 0.08922
20131122 0.09839
20131123 0.10799
20131124 0.11802
20131125 0.12844
20131126 0.13927
20131127 0.15049
20131128 0.16211
20131129 0.17415
20131130 0.18662
20131201 0.19957
20131202 0.21303
20131203 0.22710
20131204 0.24198
20131205 0.25779
20131206 0.27432
20131207 0.29146
20131208 0.30916
20131209 0.32736
20131210 0.34603
20131211 0.36512
20131212 0.38460
20131213 0.40443
20131214 0.42457
20131215 0.44499
20131216 0.46564
20131217 0.48650
20131218 0.50751
20131219 0.52864
20131220 0.54985
20131221 0.57108
20131222 0.59230
20131223 0.61346
20131224 0.63452
20131225 0.65541
20131226 0.67611
20131227 0.69655
20131228 0.71669
20131229 0.73647
20131230 0.75585
20131231 0.77478
20140101 0.79320
20140102 0.81107
20140103 0.82835
20140104 0.84497
20140105 0.86090
20140106 0.87609
20140107 0.89049
20140108 0.90408
20140109 0.91680
20140110 0.92862
20140111 0.93951
20140112 0.94944
20140113 0.95837
20140114 0.96629
20140115 0.97316
20140116 0.97897
20140117 0.98371
20140118 0.98736
20140119 0.98991
20140120 0.99136
20140121 0.99171
20140122 0.99096
20140123 0.98911
20140124 0.98618
20140125 0.98218
20140126 0.97712
20140127 0.97102
20140128 0.96391
20140129 0.95581
20140130 0.94675
20140131 0.93676
20140201 0.92587
20140202 0.91412
20140203 0.90155
20140204 0.88819
20140205 0.87409
20140206 0.85929
20140207 0.84383
20140208 0.82776
20140209 0.81112
20140210 0.79396
20140211 0.77632
20140212 0.75824
20140213 0.73979
20140214 0.72099
20140215 0.70190
20140216 0.68257
20140217 0.66303
20140218 0.64334
20140219 0.62353
20140220 0.60366
20140221 0.58376
20140222 0.56389
20140223 0.54409
20140224 0.52441
20140225 0.50491
20140226 0.48563
20140227 0.46666
20140228 0.44805
20140301 0.42991
20140302 0.41236
20140303 0.39562
20140304 0.38014
20140305 0.36560
20140306 0.35178
20140307 0.33858
20140308 0.32600
20140309 0.31414
20140310 0.30301
20140311 0.29233
20140312 0.28201
20140313 0.27197
20140314 0.26216
20140315 0.25253
20140316 0.24307
20140317 0.23374
20140318 0.22453
20140319 0.21543
20140320 0.20643
20140321 0.19752
20140322 0.18869
20140323 0.17995
20140324 0.17129
20140325 0.16271
20140326 0.15421
20140327 0.14581
20140328 0.13750
20140329 0.12929
20140330 0.12118
20140331 0.11319
20140401 0.10532
20140402 0.09757
20140403 0.08997
20140404 0.08253
20140405 0.07524
20140406 0.06813
20140407 0.06122
20140408 0.05452
20140409 0.04804
20140410 0.04181
20140411 0.03587
20140412 0.03024
20140413 0.02502
20140414 0.02024
20140415 0.01585
20140416 0.01179
20140417 0.00804
20140418 0.00457
20140419 0.00138
20140420 -0.00155
20140421 -0.00420
20140422 -0.00657
20140423 -0.00865
20140424 -0.01042
20140425 -0.01183
20140426 -0.01277
20140427 -0.01328
20140428 -0.01340
20140429 -0.01313
20140430 -0.01252
20140501 -0.01156
20140502 -0.01018
20140503 -0.00849
20140504 -0.00657
20140505 -0.00448
20140506 -0.00226
20140507 0.00005
20140508 0.00242
20140509 0.00481
20140510 0.00720
20140511 0.00957
20140512 0.01191
20140513 0.01419
20140514 0.01640
20140515 0.01852
20140516 0.02055
20140517 0.02246
20140518 0.02424
20140519 0.02590
20140520 0.02741
20140521 0.02878
20140522 0.03000
20140523 0.03106
20140524 0.03196
20140525 0.03271
20140526 0.03329
20140527 0.03373
20140528 0.03401
20140529 0.03414
20140530 0.03414
20140531 0.03400
20140601 0.03375
20140602 0.03338
20140603 0.03292
20140604 0.03239
20140605 0.03179
20140606 0.03116
20140607 0.03052
20140608 0.02990
20140609 0.02932
20140610 0.02884
20140611 0.02851
20140612 0.02842
20140613 0.02871
20140614 0.02962
20140615 0.03086
20140616 0.03228
20140617 0.03381
20140618 0.03538
20140619 0.03695
20140620 0.03847
20140621 0.03992
20140622 0.04125
20140623 0.04245
20140624 0.04349
20140625 0.04435
20140626 0.04501
20140627 0.04546
20140628 0.04568
20140629 0.04566
20140630 0.04539
20140701 0.04487
20140702 0.04409
20140703 0.04304
20140704 0.04172
20140705 0.04014
20140706 0.03830
20140707 0.03619
20140708 0.03382
20140709 0.03120
20140710 0.02833
20140711 0.02523
20140712 0.02190
20140713 0.01834
20140714 0.01457
20140715 0.01060
20140716 0.00644
20140717 0.00210
20140718 -0.00241
20140719 -0.00708
20140720 -0.01190
20140721 -0.01686
20140722 -0.02196
20140723 -0.02718
20140724 -0.03252
20140725 -0.03797
20140726 -0.04352
20140727 -0.04916
20140728 -0.05490
20140729 -0.06072
20140730 -0.06662
20140731 -0.07259
20140801 -0.07863
20140802 -0.08473
20140803 -0.09089
20140804 -0.09711
20140805 -0.10337
20140806 -0.10967
20140807 -0.11601
20140808 -0.12239
20140809 -0.12879
20140810 -0.13521
20140811 -0.14164
20140812 -0.14808
20140813 -0.15453
20140814 -0.16097
20140815 -0.16740
20140816 -0.17382
20140817 -0.18021
20140818 -0.18657
20140819 -0.19290
20140820 -0.19918
20140821 -0.20541
20140822 -0.21158
20140823 -0.21768
20140824 -0.22371
20140825 -0.22966
20140826 -0.23551
20140827 -0.24126
20140828 -0.24690
20140829 -0.25242
20140830 -0.25781
20140831 -0.26305
20140901 -0.26814
20140902 -0.27303
20140903 -0.27772
20140904 -0.28221
20140905 -0.28650
20140906 -0.29058
20140907 -0.29444
20140908 -0.29803
20140909 -0.30135
20140910 -0.30439
20140911 -0.30707
20140912 -0.30939
20140913 -0.31143
20140914 -0.31324
20140915 -0.31484
20140916 -0.31624
20140917 -0.31747
20140918 -0.31852
20140919 -0.31941
20140920 -0.32015
20140921 -0.32073
20140922 -0.32116
20140923 -0.32144
20140924 -0.32156
20140925 -0.32150
20140926 -0.32122
20140927 -0.32078
20140928 -0.32021
20140929 -0.31953
20140930 -0.31876
20141001 -0.31790
20141002 -0.31696
20141003 -0.31595
20141004 -0.31487
20141005 -0.31373
20141006 -0.31253
20141007 -0.31127
20141008 -0.30994
20141009 -0.30852
20141010 -0.30698
20141011 -0.30536
20141012 -0.30365
20141013 -0.30188
20141014 -0.30006
20141015 -0.29819
20141016 -0.29628
20141017 -0.29432
20141018 -0.29232
20141019 -0.29027
20141020 -0.28818
20141021 -0.28604
20141022 -0.28386
20141023 -0.28162
20141024 -0.27932
20141025 -0.27696
20141026 -0.27453
20141027 -0.27200
20141028 -0.26933
20141029 -0.26650
20141030 -0.26356
20141031 -0.26051
20141101 -0.25737
20141102 -0.25414
20141103 -0.25082
20141104 -0.24743
20141105 -0.24394
20141106 -0.24037
20141107 -0.23675
20141108 -0.23307
20141109 -0.22935
20141110 -0.22560
20141111 -0.22183
20141112 -0.21804
20141113 -0.21425
20141114 -0.21047
20141115 -0.20670
20141116 -0.20296
20141117 -0.19924
20141118 -0.19557
20141119 -0.19195
20141120 -0.18839
20141121 -0.18489
20141122 -0.18146
20141123 -0.17811
20141124 -0.17485
20141125 -0.17168
20141126 -0.16861
20141127 -0.16564
20141128 -0.16278
20141129 -0.16003
20141130 -0.15739
20141201 -0.15487
20141202 -0.15246
20141203 -0.15017
20141204 -0.14800
20141205 -0.14594
20141206 -0.14399
20141207 -0.14215
20141208 -0.14041
20141209 -0.13878
20141210 -0.13723
20141211 -0.13577
20141212 -0.13439
20141213 -0.13307
20141214 -0.13180
20141215 -0.13058
20141216 -0.12938
20141217 -0.12820
20141218 -0.12701
20141219 -0.12579
20141220 -0.12452
20141221 -0.12318
20141222 -0.12174
20141223 -0.12014
20141224 -0.11835
20141225 -0.11627
20141226 -0.11367
20141227 -0.11067
20141228 -0.10744
20141229 -0.10406
20141230 -0.10059
20141231 -0.09708
20150101 -0.09358
20150102 -0.09013
20150103 -0.08675
20150104 -0.08346
20150105 -0.08030
20150106 -0.07727
20150107 -0.07439
20150108 -0.07169
20150109 -0.06916
20150110 -0.06681
20150111 -0.06466
20150112 -0.06271
20150113 -0.06096
20150114 -0.05941
20150115 -0.05806
20150116 -0.05692
20150117 -0.05596
20150118 -0.05520
20150119 -0.05463
20150120 -0.05423
20150121 -0.05400
20150122 -0.05392
20150123 -0.05399
20150124 -0.05419
20150125 -0.05451
20150126 -0.05493
20150127 -0.05544
20150128 -0.05601
20150129 -0.05663
20150130 -0.05727
20150131 -0.05790
20150201 -0.05848
20150202 -0.05897
20150203 -0.05925
20150204 -0.05924
20150205 -0.05911
20150206 -0.05892
20150207 -0.05871
20150208 -0.05851
20150209 -0.05834
20150210 -0.05822
20150211 -0.05817
20150212 -0.05820
20150213 -0.05834
20150214 -0.05858
20150215 -0.05895
20150216 -0.05945
20150217 -0.06009
20150218 -0.06088
20150219 -0.06182
20150220 -0.06293
20150221 -0.06420
20150222 -0.06564
20150223 -0.06724
20150224 -0.06903
20150225 -0.07098
20150226 -0.07311
20150227 -0.07541
20150228 -0.07787
20150301 -0.08051
20150302 -0.08330
20150303 -0.08625
20150304 -0.08936
20150305 -0.09261
20150306 -0.09599
20150307 -0.09951
20150308 -0.10315
20150309 -0.10690
20150310 -0.11075
20150311 -0.11470
20150312 -0.11872
20150313 -0.12281
20150314 -0.12695
20150315 -0.13114
20150316 -0.13535
20150317 -0.13957
20150318 -0.14378
20150319 -0.14796
20150320 -0.15211
20150321 -0.15619
20150322 -0.16019
20150323 -0.16409
20150324 -0.16785
20150325 -0.17147
20150326 -0.17490
20150327 -0.17812
20150328 -0.18110
20150329 -0.18377
20150330 -0.18603
20150331 -0.18784
20150401 -0.18928
20150402 -0.19043
20150403 -0.19134
20150404 -0.19205
20150405 -0.19258
20150406 -0.19295
20150407 -0.19316
20150408 -0.19323
20150409 -0.19315
20150410 -0.19290
20150411 -0.19243
20150412 -0.19175
20150413 -0.19093
20150414 -0.18999
20150415 -0.18897
20150416 -0.18787
20150417 -0.18670
20150418 -0.18547
20150419 -0.18419
20150420 -0.18284
20150421 -0.18143
20150422 -0.17994
20150423 -0.17835
20150424 -0.17666
20150425 -0.17482
20150426 -0.17279
20150427 -0.17045
20150428 -0.16777
20150429 -0.16484
20150430 -0.16170
20150501 -0.15838
20150502 -0.15490
20150503 -0.15128
20150504 -0.14755
20150505 -0.14371
20150506 -0.13979
20150507 -0.13581
20150508 -0.13178
20150509 -0.12773
20150510 -0.12367
20150511 -0.11962
20150512 -0.11560
20150513 -0.11163
20150514 -0.10773
20150515 -0.10391
20150516 -0.10019
20150517 -0.09658
20150518 -0.09312
20150519 -0.08980
20150520 -0.08664
20150521 -0.08366
20150522 -0.08087
20150523 -0.07828
20150524 -0.07590
20150525 -0.07373
20150526 -0.07179
20150527 -0.07008
20150528 -0.06861
20150529 -0.06738
20150530 -0.06639
20150531 -0.06563
20150601 -0.06512
20150602 -0.06484
20150603 -0.06479
20150604 -0.06497
20150605 -0.06536
20150606 -0.06596
20150607 -0.06676
20150608 -0.06774
20150609 -0.06889
20150610 -0.07019
20150611 -0.07162
20150612 -0.07318
20150613 -0.07487
20150614 -0.07667
20150615 -0.07857
20150616 -0.08056
20150617 -0.08263
20150618 -0.08475
20150619 -0.08693
20150620 -0.08913
20150621 -0.09134
20150622 -0.09355
20150623 -0.09573
20150624 -0.09784
20150625 -0.09989
20150626 -0.10188
20150627 -0.10381
20150628 -0.10567
20150629 -0.10743
20150630 -0.10903
20150701 -0.11042
20150702 -0.11171
20150703 -0.11297
20150704 -0.11423
20150705 -0.11554
20150706 -0.11691
20150707 -0.11837
20150708 -0.11992
20150709 -0.12160
20150710 -0.12341
20150711 -0.12538
20150712 -0.12752
20150713 -0.12984
20150714 -0.13234
20150715 -0.13505
20150716 -0.13796
20150717 -0.14107
20150718 -0.14439
20150719 -0.14793
20150720 -0.15167
20150721 -0.15562
20150722 -0.15978
20150723 -0.16415
20150724 -0.16871
20150725 -0.17346
20150726 -0.17839
20150727 -0.18351
20150728 -0.18879
20150729 -0.19423
20150730 -0.19981
20150731 -0.20554
20150801 -0.21138
20150802 -0.21734
20150803 -0.22341
20150804 -0.22955
20150805 -0.23577
20150806 -0.24205
20150807 -0.24838
20150808 -0.25474
20150809 -0.26111
20150810 -0.26748
20150811 -0.27384
20150812 -0.28017
20150813 -0.28646
20150814 -0.29268
20150815 -0.29883
20150816 -0.30489
20150817 -0.31084
20150818 -0.31666
20150819 -0.32234
20150820 -0.32785
20150821 -0.33318
20150822 -0.33830
20150823 -0.34318
20150824 -0.34778
20150825 -0.35202
20150826 -0.35590
20150827 -0.35947
20150828 -0.36273
20150829 -0.36566
20150830 -0.36829
20150831 -0.37067
20150901 -0.37279
20150902 -0.37466
20150903 -0.37628
20150904 -0.37763
20150905 -0.37869
20150906 -0.37944
20150907 -0.37980
20150908 -0.37964
20150909 -0.37889
20150910 -0.37778
20150911 -0.37641
20150912 -0.37483
20150913 -0.37309
20150914 -0.37123
20150915 -0.36927
20150916 -0.36724
20150917 -0.36516
20150918 -0.36305
20150919 -0.36092
20150920 -0.35880
20150921 -0.35669
20150922 -0.35461
20150923 -0.35256
20150924 -0.35056
20150925 -0.34861
20150926 -0.34673
20150927 -0.34492
20150928 -0.34319
20150929 -0.34154
20150930 -0.33999
20151001 -0.33853
20151002 -0.33718
20151003 -0.33593
20151004 -0.33479
20151005 -0.33376
20151006 -0.33285
20151007 -0.33205
20151008 -0.33137
20151009 -0.33081
20151010 -0.33037
20151011 -0.33005
20151012 -0.32985
20151013 -0.32975
20151014 -0.32978
20151015 -0.32991
20151016 -0.33014
20151017 -0.33048
20151018 -0.33092
20151019 -0.33145
20151020 -0.33207
20151021 -0.33277
20151022 -0.33355
20151023 -0.33440
20151024 -0.33531
20151025 -0.33627
20151026 -0.33728
20151027 -0.33832
20151028 -0.33939
20151029 -0.34047
20151030 -0.34156
20151031 -0.34264
20151101 -0.34369
20151102 -0.34470
20151103 -0.34566
20151104 -0.34653
20151105 -0.34731
20151106 -0.34792
20151107 -0.34839
20151108 -0.34873
20151109 -0.34892
20151110 -0.34889
20151111 -0.34870
20151112 -0.34840
20151113 -0.34803
20151114 -0.34759
20151115 -0.34712
20151116 -0.34663
20151117 -0.34611
20151118 -0.34559
20151119 -0.34507
20151120 -0.34455
20151121 -0.34404
20151122 -0.34355
20151123 -0.34307
20151124 -0.34260
20151125 -0.34214
20151126 -0.34169
20151127 -0.34124
20151128 -0.34076
20151129 -0.34025
20151130 -0.33973
20151201 -0.33922
20151202 -0.33871
20151203 -0.33821
20151204 -0.33772
20151205 -0.33725
20151206 -0.33678
20151207 -0.33631
20151208 -0.33585
20151209 -0.33539
20151210 -0.33491
20151211 -0.33443
20151212 -0.33392
20151213 -0.33338
20151214 -0.33279
20151215 -0.33214
20151216 -0.33139
20151217 -0.33055
20151218 -0.32965
20151219 -0.32870
20151220 -0.32768
20151221 -0.32662
20151222 -0.32550
20151223 -0.32433
20151224 -0.32310
20151225 -0.32182
20151226 -0.32047
20151227 -0.31906
20151228 -0.31758
20151229 -0.31603
20151230 -0.31440
20151231 -0.31268
20160101 -0.31087
20160102 -0.30895
20160103 -0.30691
20160104 -0.30473
20160105 -0.30241
20160106 -0.29990
20160107 -0.29717
20160108 -0.29415
20160109 -0.29069
20160110 -0.28691
20160111 -0.28290
20160112 -0.27870
20160113 -0.27432
20160114 -0.26980
20160115 -0.26513
20160116 -0.26031
20160117 -0.25539
20160118 -0.25039
20160119 -0.24532
20160120 -0.24021
20160121 -0.23506
20160122 -0.22990
20160123 -0.22473
20160124 -0.21956
20160125 -0.21441
20160126 -0.20929
20160127 -0.20420
20160128 -0.19915
20160129 -0.19414
20160130 -0.18920
20160131 -0.18431
20160201 -0.17948
20160202 -0.17472
20160203 -0.17004
20160204 -0.16542
20160205 -0.16089
20160206 -0.15642
20160207 -0.15204
20160208 -0.14773
20160209 -0.14350
20160210 -0.13933
20160211 -0.13525
20160212 -0.13122
20160213 -0.12727
20160214 -0.12337
20160215 -0.11953
20160216 -0.11574
20160217 -0.11199
20160218 -0.10828
20160219 -0.10458
20160220 -0.10089
20160221 -0.09716
20160222 -0.09331
20160223 -0.08943
20160224 -0.08555
20160225 -0.08170
20160226 -0.07790
20160227 -0.07418
20160228 -0.07053
20160229 -0.06699
20160301 -0.06356
20160302 -0.06026
20160303 -0.05711
20160304 -0.05411
20160305 -0.05127
20160306 -0.04861
20160307 -0.04613
20160308 -0.04384
20160309 -0.04176
20160310 -0.03989
20160311 -0.03825
20160312 -0.03684
20160313 -0.03567
20160314 -0.03475
20160315 -0.03407
20160316 -0.03365
20160317 -0.03348
20160318 999999.00000
20160319 -0.03391
20160320 -0.03451
20160321 -0.03536
20160322 -0.03646
20160323 -0.03781
20160324 999999.00000
20160325 -0.04121
20160326 -0.04324
20160327 -0.04550
20160328 -0.04796
20160329 -0.05062
20160330 -0.05345
20160331 -0.05646
20160401 -0.05963
20160402 -0.06293
20160403 -0.06636
20160404 -0.06990
20160405 -0.07353
20160406 -0.07722
20160407 -0.08097
20160408 -0.08473
20160409 -0.08850
20160410 -0.09223
20160411 -0.09589
20160412 -0.09944
20160413 -0.10281
20160414 -0.10589
20160415 -0.10850
20160416 -0.11086
20160417 -0.11310
20160418 -0.11528
20160419 -0.11745
20160420 -0.11964
20160421 -0.12186
20160422 -0.12414
20160423 -0.12649
20160424 -0.12891
20160425 -0.13140
20160426 -0.13398
20160427 -0.13662
20160428 -0.13933
20160429 -0.14211
20160430 -0.14494
20160501 -0.14781
20160502 -0.15070
20160503 -0.15361
20160504 -0.15653
20160505 -0.15944
20160506 -0.16234
20160507 -0.16523
20160508 -0.16811
20160509 -0.17098
20160510 -0.17384
20160511 -0.17670
20160512 -0.17956
20160513 -0.18241
20160514 -0.18525
20160515 -0.18809
20160516 -0.19093
20160517 -0.19377
20160518 -0.19659
20160519 -0.19941
20160520 -0.20221
20160521 -0.20500
20160522 -0.20776
20160523 -0.21049
20160524 -0.21318
20160525 -0.21581
20160526 -0.21837
20160527 -0.22078
20160528 -0.22308
20160529 -0.22531
20160530 -0.22746
20160531 -0.22956
20160601 -0.23159
20160602 -0.23356
20160603 -0.23545
20160604 -0.23727
20160605 -0.23899
20160606 -0.24060
20160607 -0.24208
20160608 -0.24341
20160609 -0.24456
20160610 -0.24547
20160611 -0.24607
20160612 -0.24620
20160613 -0.24597
20160614 -0.24550
20160615 -0.24483
20160616 -0.24398
20160617 -0.24299
20160618 -0.24187
20160619 -0.24063
20160620 -0.23929
20160621 -0.23784
20160622 -0.23629
20160623 -0.23460
20160624 -0.23280
20160625 -0.23093
20160626 -0.22901
20160627 -0.22707
20160628 -0.22512
20160629 -0.22317
20160630 -0.22124
20160701 -0.21935
20160702 -0.21749
20160703 -0.21568
20160704 -0.21394
20160705 -0.21226
20160706 -0.21067
20160707 -0.20916
20160708 -0.20775
20160709 -0.20643
20160710 -0.20523
20160711 -0.20414
20160712 -0.20317
20160713 -0.20233
20160714 -0.20161
20160715 -0.20103
20160716 -0.20059
20160717 -0.20029
20160718 -0.20013
20160719 -0.20011
20160720 -0.20024
20160721 -0.20052
20160722 -0.20095
20160723 -0.20152
20160724 -0.20224
20160725 -0.20310
20160726 -0.20410
20160727 -0.20524
20160728 -0.20650
20160729 -0.20790
20160730 -0.20941
20160731 -0.21102
20160801 -0.21274
20160802 -0.21456
20160803 -0.21647
20160804 -0.21848
20160805 -0.22058
20160806 -0.22276
20160807 -0.22502
20160808 -0.22736
20160809 -0.22976
20160810 -0.23223
20160811 -0.23475
20160812 -0.23730
20160813 -0.23990
20160814 -0.24252
20160815 -0.24515
20160816 -0.24779
20160817 -0.25042
20160818 -0.25304
20160819 -0.25563
20160820 -0.25818
20160821 -0.26068
20160822 -0.26310
20160823 -0.26545
20160824 -0.26769
20160825 -0.26980
20160826 -0.27175
20160827 -0.27344
20160828 -0.27486
20160829 -0.27610
20160830 -0.27723
20160831 -0.27829
20160901 -0.27929
20160902 -0.28026
20160903 -0.28122
20160904 -0.28217
20160905 -0.28314
20160906 -0.28412
20160907 -0.28514
20160908 -0.28618
20160909 -0.28727
20160910 -0.28841
20160911 -0.28959
20160912 -0.29082
20160913 -0.29209
20160914 -0.29341
20160915 -0.29478
20160916 -0.29618
20160917 -0.29762
20160918 -0.29908
20160919 -0.30055
20160920 -0.30203
20160921 -0.30349
20160922 -0.30492
20160923 -0.30629
20160924 -0.30758
20160925 -0.30877
20160926 -0.30979
20160927 -0.31066
20160928 -0.31138
20160929 -0.31196
20160930 -0.31238
20161001 -0.31262
20161002 -0.31263
20161003 -0.31234
20161004 -0.31176
20161005 -0.31093
20161006 -0.30984
20161007 -0.30847
20161008 -0.30682
20161009 -0.30482
20161010 -0.30243
20161011 -0.29948
20161012 -0.29587
20161013 -0.29182
20161014 -0.28742
20161015 -0.28273
20161016 -0.27781
20161017 -0.27269
20161018 -0.26741
20161019 -0.26200
20161020 -0.25649
20161021 -0.25092
20161022 -0.24529
20161023 -0.23966
20161024 -0.23403
20161025 -0.22843
20161026 -0.22289
20161027 -0.21743
20161028 -0.21207
20161029 -0.20683
20161030 -0.20173
20161031 -0.19679
20161101 -0.19203
20161102 -0.18746
20161103 -0.18311
20161104 -0.17899
20161105 -0.17511
20161106 -0.17149
20161107 -0.16813
20161108 -0.16506
20161109 -0.16228
20161110 -0.15979
20161111 -0.15762
20161112 -0.15575
20161113 -0.15421
20161114 -0.15298
20161115 -0.15209
20161116 -0.15151
20161117 -0.15126
20161118 -0.15133
20161119 -0.15173
20161120 -0.15243
20161121 -0.15345
20161122 -0.15477
20161123 -0.15638
20161124 -0.15827
20161125 -0.16044
20161126 -0.16287
20161127 -0.16554
20161128 -0.16845
20161129 -0.17157
20161130 -0.17489
20161201 -0.17840
20161202 -0.18207
20161203 -0.18588
20161204 -0.18981
20161205 -0.19385
20161206 -0.19796
20161207 -0.20213
20161208 -0.20633
20161209 -0.21053
20161210 -0.21470
20161211 -0.21883
20161212 -0.22286
20161213 -0.22678
20161214 -0.23054
20161215 -0.23409
20161216 -0.23736
20161217 -0.24020
20161218 -0.24261
20161219 -0.24472
20161220 -0.24660
20161221 -0.24826
20161222 -0.24974
20161223 -0.25106
20161224 -0.25223
20161225 -0.25327
20161226 999999.00000
20161227 -0.25498
20161228 -0.25567
20161229 -0.25627
20161230 -0.25677
20161231 -0.25718
20170101 -0.25748
20170102 -0.25766
20170103 -0.25775
20170104 -0.25780
20170105 -0.25781
20170106 -0.25782
20170107 -0.25783
20170108 -0.25787
20170109 -0.25793
20170110 -0.25804
20170111 -0.25820
20170112 -0.25841
20170113 -0.25868
20170114 -0.25900
20170115 -0.25938
20170116 -0.25985
20170117 -0.26043
20170118 -0.26113
20170119 -0.26196
20170120 -0.26292
20170121 -0.26402
20170122 -0.26528
20170123 -0.26668
20170124 -0.26823
20170125 -0.26994
20170126 -0.27180
20170127 -0.27382
20170128 -0.27599
20170129 -0.27830
20170130 -0.28076
20170131 -0.28336
20170201 -0.28610
20170202 -0.28897
20170203 -0.29195
20170204 -0.29506
20170205 -0.29827
20170206 -0.30158
20170207 -0.30498
20170208 -0.30846
20170209 -0.31202
20170210 -0.31563
20170211 -0.31929
20170212 -0.32298
20170213 -0.32671
20170214 -0.33044
20170215 -0.33418
20170216 -0.33790
20170217 -0.34160
20170218 -0.34525
20170219 -0.34885
20170220 -0.35239
20170221 -0.35583
20170222 -0.35918
20170223 -0.36240
20170224 -0.36548
20170225 -0.36839
20170226 -0.37108
20170227 -0.37351
20170228 -0.37570
20170301 -0.37766
20170302 -0.37934
20170303 -0.38073
20170304 -0.38190
20170305 -0.38292
20170306 -0.38379
20170307 -0.38455
20170308 -0.38521
20170309 -0.38580
20170310 -0.38633
20170311 -0.38680
20170312 -0.38725
20170313 -0.38766
20170314 -0.38807
20170315 -0.38847
20170316 -0.38888
20170317 -0.38930
20170318 -0.38975
20170319 -0.39023
20170320 -0.39075
20170321 -0.39131
20170322 -0.39192
20170323 -0.39258
20170324 -0.39329
20170325 -0.39407
20170326 -0.39490
20170327 -0.39580
20170328 -0.39675
20170329 -0.39777
20170330 -0.39884
20170331 -0.39995
20170401 -0.40111
20170402 -0.40229
20170403 -0.40349
20170404 -0.40471
20170405 -0.40597
20170406 -0.40725
20170407 -0.40855
20170408 -0.40987
20170409 -0.41119
20170410 -0.41252
20170411 -0.41384
20170412 -0.41514
20170413 -0.41641
20170414 -0.41763
20170415 -0.41880
20170416 -0.41988
20170417 -0.42088
20170418 -0.42176
20170419 -0.42251
20170420 -0.42307
20170421 -0.42338
20170422 -0.42345
20170423 -0.42335
20170424 -0.42312
20170425 -0.42278
20170426 -0.42233
20170427 -0.42179
20170428 -0.42117
20170429 -0.42048
20170430 -0.41973
20170501 -0.41891
20170502 -0.41803
20170503 -0.41710
20170504 -0.41610
20170505 -0.41505
20170506 -0.41393
20170507 -0.41273
20170508 -0.41144
20170509 -0.41005
20170510 -0.40855
20170511 -0.40687
20170512 -0.40500
20170513 -0.40297
20170514 -0.40077
20170515 -0.39841
20170516 -0.39587
20170517 -0.39315
20170518 -0.39018
20170519 -0.38697
20170520 -0.38350
20170521 -0.37975
20170522 -0.37563
20170523 -0.37103
20170524 -0.36589
20170525 -0.36033
20170526 -0.35438
20170527 -0.34808
20170528 -0.34144
20170529 -0.33448
20170530 -0.32723
20170531 -0.31969
20170601 -0.31187
20170602 -0.30381
20170603 -0.29554
20170604 -0.28708
20170605 -0.27844
20170606 -0.26967
20170607 -0.26077
20170608 -0.25178
20170609 -0.24271
20170610 -0.23360
20170611 -0.22446
20170612 -0.21532
20170613 -0.20620
20170614 -0.19711
20170615 -0.18808
20170616 -0.17914
20170617 -0.17033
20170618 -0.16166
20170619 -0.15316
20170620 -0.14485
20170621 -0.13675
20170622 -0.12889
20170623 -0.12128
20170624 -0.11394
20170625 -0.10690
20170626 -0.10016
20170627 -0.09374
20170628 -0.08766
20170629 -0.08193
20170630 -0.07656
20170701 -0.07157
20170702 -0.06696
20170703 -0.06273
20170704 -0.05891
20170705 -0.05548
20170706 -0.05246
20170707 -0.04985
20170708 -0.04765
20170709 -0.04585
20170710 -0.04446
20170711 -0.04348
20170712 -0.04289
20170713 -0.04269
20170714 -0.04288
20170715 -0.04344
20170716 -0.04437
20170717 -0.04566
20170718 -0.04729
20170719 -0.04925
20170720 -0.05152
20170721 -0.05410
20170722 -0.05696
20170723 -0.06009
20170724 -0.06347
20170725 -0.06708
20170726 -0.07090
20170727 -0.07492
20170728 -0.07911
20170729 -0.08344
20170730 -0.08791
20170731 -0.09249
20170801 -0.09714
20170802 -0.10186
20170803 -0.10661
20170804 -0.11138
20170805 -0.11612
20170806 -0.12082
20170807 -0.12544
20170808 -0.12994
20170809 -0.13425
20170810 -0.13840
20170811 -0.14239
20170812 -0.14621
20170813 -0.14987
20170814 -0.15334
20170815 -0.15661
20170816 -0.15968
20170817 -0.16253
20170818 -0.16514
20170819 -0.16751
20170820 -0.16962
20170821 -0.17145
20170822 -0.17299
20170823 -0.17421
20170824 -0.17510
20170825 -0.17562
20170826 -0.17570
20170827 -0.17528
20170828 -0.17445
20170829 -0.17322
20170830 -0.17160
20170831 -0.16956
20170901 -0.16700
20170902 -0.16402
20170903 -0.16075
20170904 -0.15725
20170905 -0.15355
20170906 -0.14971
20170907 -0.14575
20170908 -0.14168
20170909 -0.13753
20170910 -0.13332
20170911 -0.12904
20170912 -0.12469
20170913 -0.12031
20170914 -0.11590
20170915 -0.11148
20170916 -0.10707
20170917 -0.10265
20170918 -0.09823
20170919 -0.09382
20170920 -0.08940
20170921 -0.08497
20170922 -0.08052
20170923 -0.07603
20170924 -0.07148
20170925 -0.06683
20170926 -0.06205
20170927 -0.05703
20170928 -0.05180
20170929 -0.04638
20170930 -0.04078
20171001 -0.03499
20171002 -0.02900
20171003 -0.02278
20171004 -0.01629
20171005 -0.00949
20171006 -0.00231
20171007 0.00539
20171008 0.01373
20171009 0.02255
20171010 0.03179
20171011 0.04141
20171012 0.05138
20171013 0.06168
20171014 0.07228
20171015 0.08315
20171016 0.09427
20171017 0.10562
20171018 0.11716
20171019 0.12886
20171020 0.14071
20171021 0.15268
20171022 0.16472
20171023 0.17682
20171024 0.18894
20171025 0.20106
20171026 0.21314
20171027 0.22515
20171028 0.23705
20171029 0.24883
20171030 0.26044
20171031 0.27186
20171101 0.28305
20171102 0.29398
20171103 0.30463
20171104 0.31496
20171105 0.32495
20171106 0.33458
20171107 0.34381
20171108 0.35262
20171109 0.36098
20171110 0.36889
20171111 0.37631
20171112 0.38324
20171113 0.38965
20171114 0.39554
20171115 0.40088
20171116 0.40568
20171117 0.40993
20171118 0.41362
20171119 0.41675
20171120 0.41932
20171121 0.42134
20171122 0.42282
20171123 0.42376
20171124 0.42417
20171125 0.42407
20171126 0.42348
20171127 0.42242
20171128 0.42090
20171129 0.41897
20171130 0.41663
20171201 0.41394
20171202 0.41091
20171203 0.40760
20171204 0.40404
20171205 0.40030
20171206 0.39645
20171207 0.39260
20171208 0.38876
20171209 0.38489
20171210 0.38097
20171211 0.37701
20171212 0.37304
20171213 0.36906
20171214 0.36510
20171215 0.36119
20171216 0.35736
20171217 0.35362
20171218 0.35001
20171219 0.34662
20171220 0.34345
20171221 0.34054
20171222 0.33797
20171223 0.33591
20171224 0.33450
20171225 0.33342
20171226 0.33254
20171227 0.33177
20171228 0.33103
20171229 0.33028
20171230 0.32946
20171231 0.32853
20180101 0.32746
20180102 0.32620
20180103 0.32473
20180104 0.32304
20180105 0.32108
20180106 999999.00000
20180107 0.31634
20180108 0.31352
20180109 0.31038
20180110 0.30693
20180111 0.30314
20180112 0.29903
20180113 0.29458
20180114 0.28980
20180115 0.28469
20180116 0.27926
20180117 0.27351
20180118 0.26746
20180119 0.26110
20180120 0.25445
20180121 0.24753
20180122 0.24034
20180123 0.23291
20180124 0.22524
20180125 0.21736
20180126 0.20929
20180127 0.20104
20180128 0.19265
20180129 0.18415
20180130 0.17558
20180131 0.16701
20180201 0.15859
20180202 0.15055
20180203 0.14261
20180204 0.13464
20180205 0.12661
20180206 0.11848
20180207 0.11025
20180208 0.10192
20180209 0.09347
20180210 0.08491
20180211 0.07625
20180212 0.06750
20180213 0.05865
20180214 0.04973
20180215 0.04074
20180216 0.03170
20180217 0.02261
20180218 0.01349
20180219 0.00435
20180220 -0.00480
20180221 -0.01393
20180222 -0.02305
20180223 -0.03213
20180224 -0.04116
20180225 -0.05013
20180226 -0.05903
20180227 -0.06784
20180228 -0.07654
20180301 -0.08513
20180302 -0.09358
20180303 -0.10188
20180304 -0.11002
20180305 -0.11795
20180306 -0.12563
20180307 -0.13304
20180308 -0.14022
20180309 -0.14719
20180310 -0.15394
20180311 -0.16046
20180312 -0.16670
20180313 -0.17264
20180314 -0.17833
20180315 -0.18383
20180316 -0.18915
20180317 -0.19431
20180318 -0.19931
20180319 -0.20417
20180320 -0.20889
20180321 -0.21348
20180322 -0.21794
20180323 -0.22230
20180324 -0.22653
20180325 -0.23067
20180326 -0.23470
20180327 -0.23864
20180328 -0.24248
20180329 -0.24624
20180330 -0.24993
20180331 -0.25353
20180401 -0.25707
20180402 -0.26053
20180403 -0.26394
20180404 -0.26729
20180405 -0.27058
20180406 -0.27382
20180407 -0.27700
20180408 -0.28014
20180409 -0.28324
20180410 -0.28628
20180411 -0.28929
20180412 -0.29225
20180413 -0.29516
20180414 -0.29802
20180415 -0.30084
20180416 -0.30360
20180417 -0.30630
20180418 -0.30892
20180419 -0.31146
20180420 -0.31390
20180421 -0.31626
20180422 -0.31854
20180423 -0.32075
20180424 -0.32289
20180425 -0.32495
20180426 -0.32694
20180427 -0.32885
20180428 -0.33066
20180429 -0.33237
20180430 -0.33393
20180501 -0.33533
20180502 -0.33663
20180503 -0.33783
20180504 -0.33895
20180505 -0.34000
20180506 -0.34098
20180507 -0.34190
20180508 -0.34275
20180509 -0.34355
20180510 -0.34428
20180511 -0.34495
20180512 -0.34555
20180513 -0.34606
20180514 -0.34648
20180515 -0.34682
20180516 -0.34708
20180517 -0.34729
20180518 -0.34745
20180519 -0.34755
20180520 -0.34761
20180521 -0.34760
20180522 -0.34754
20180523 -0.34744
20180524 -0.34731
20180525 -0.34714
20180526 -0.34693
20180527 -0.34668
20180528 -0.34640
20180529 -0.34607
20180530 -0.34570
20180531 -0.34527
20180601 -0.34478
20180602 -0.34422
20180603 -0.34358
20180604 -0.34285
20180605 -0.34202
20180606 -0.34107
20180607 -0.33997
20180608 -0.33870
20180609 -0.33723
20180610 -0.33549
20180611 -0.33355
20180612 -0.33144
20180613 -0.32918
20180614 -0.32679
20180615 -0.32427
20180616 -0.32164
20180617 -0.31890
20180618 -0.31607
20180619 -0.31316
20180620 -0.31018
20180621 -0.30716
20180622 -0.30410
20180623 -0.30101
20180624 -0.29791
20180625 -0.29480
20180626 -0.29169
20180627 -0.28857
20180628 -0.28543
20180629 -0.28227
20180630 -0.27913
20180701 -0.27601
20180702 -0.27291
20180703 -0.26986
20180704 -0.26685
20180705 -0.26389
20180706 -0.26098
20180707 -0.25813
20180708 -0.25534
20180709 -0.25260
20180710 -0.24992
20180711 -0.24730
20180712 -0.24472
20180713 -0.24220
20180714 -0.23973
20180715 -0.23730
20180716 -0.23490
20180717 -0.23253
20180718 -0.23018
20180719 -0.22784
20180720 -0.22550
20180721 -0.22315
20180722 -0.22078
20180723 -0.21837
20180724 -0.21592
20180725 -0.21339
20180726 -0.21078
20180727 -0.20806
20180728 -0.20521
20180729 -0.20220
20180730 -0.19900
20180731 -0.19553
20180801 -0.19170
20180802 -0.18759
20180803 -0.18325
20180804 -0.17870
20180805 -0.17395
20180806 -0.16901
20180807 -0.16390
20180808 -0.15861
20180809 -0.15317
20180810 -0.14757
20180811 -0.14183
20180812 -0.13595
20180813 -0.12994
20180814 -0.12380
20180815 -0.11755
20180816 -0.11118
20180817 -0.10470
20180818 -0.09812
20180819 -0.09144
20180820 -0.08466
20180821 -0.07778
20180822 -0.07078
20180823 -0.06364
20180824 -0.05629
20180825 -0.04877
20180826 -0.04116
20180827 -0.03350
20180828 -0.02581
20180829 -0.01813
20180830 -0.01048
20180831 -0.00288
20180901 0.00464
20180902 0.01207
20180903 0.01937
20180904 0.02654
20180905 0.03355
20180906 0.04038
20180907 0.04701
20180908 0.05343
20180909 0.05961
20180910 0.06554
20180911 0.07120
20180912 0.07657
20180913 0.08164
20180914 0.08641
20180915 0.09084
20180916 0.09493
20180917 0.09867
20180918 0.10205
20180919 0.10506
20180920 0.10769
20180921 0.10993
20180922 0.11178
20180923 0.11324
20180924 0.11430
20180925 0.11497
20180926 0.11523
20180927 0.11511
20180928 0.11458
20180929 0.11368
20180930 0.11239
20181001 0.11073
20181002 0.10870
20181003 0.10633
20181004 0.10362
20181005 0.10058
20181006 0.09723
20181007 0.09358
20181008 0.08966
20181009 0.08549
20181010 0.08108
20181011 0.07645
20181012 0.07164
20181013 0.06665
20181014 0.06152
20181015 0.05627
20181016 0.05094
20181017 0.04553
20181018 0.04010
20181019 0.03465
20181020 0.02923
20181021 0.02386
20181022 0.01857
20181023 0.01340
20181024 0.00838
20181025 0.00355
20181026 -0.00106
20181027 -0.00542
20181028 -0.00947
20181029 -0.01318
20181030 -0.01648
20181031 -0.01930
20181101 -0.02151
20181102 -0.02294
20181103 -0.02369
20181104 -0.02395
20181105 -0.02384
20181106 -0.02341
20181107 -0.02270
20181108 -0.02176
20181109 -0.02060
20181110 -0.01926
20181111 -0.01774
20181112 -0.01605
20181113 -0.01419
20181114 -0.01217
20181115 -0.00997
20181116 -0.00752
20181117 -0.00485
20181118 -0.00202
20181119 0.00098
20181120 0.00414
20181121 0.00746
20181122 0.01097
20181123 0.01467
20181124 0.01861
20181125 0.02285
20181126 0.02751
20181127 0.03257
20181128 0.03793
20181129 0.04355
20181130 0.04940
20181201 0.05545
20181202 0.06170
20181203 0.06811
20181204 0.07469
20181205 0.08139
20181206 0.08821
20181207 0.09511
20181208 0.10207
20181209 0.10907
20181210 0.11607
20181211 0.12308
20181212 0.13006
20181213 0.13700
20181214 0.14388
20181215 0.15069
20181216 0.15741
20181217 0.16403
20181218 0.17053
20181219 0.17691
20181220 0.18315
20181221 0.18924
20181222 0.19518
20181223 0.20095
20181224 0.20656
20181225 0.21200
20181226 0.21727
20181227 0.22236
20181228 0.22727
20181229 0.23200
20181230 0.23657
20181231 0.24096
20190101 0.24520
20190102 0.24927
20190103 0.25320
20190104 0.25699
20190105 0.26066
20190106 0.26423
20190107 0.26773
20190108 0.27121
20190109 0.27479
20190110 0.27843
20190111 0.28201
20190112 0.28546
20190113 0.28876
20190114 0.29187
20190115 0.29477
20190116 0.29742
20190117 0.29981
20190118 0.30193
20190119 0.30375
20190120 0.30525
20190121 0.30643
20190122 0.30728
20190123 0.30777
20190124 0.30791
20190125 0.30768
20190126 0.30708
20190127 0.30613
20190128 0.30483
20190129 0.30316
20190130 0.30108
20190131 0.29862
20190201 0.29575
20190202 0.29249
20190203 0.28883
20190204 0.28478
20190205 0.28033
20190206 0.27551
20190207 0.27031
20190208 0.26475
20190209 0.25883
20190210 0.25257
20190211 0.24597
20190212 0.23906
20190213 0.23185
20190214 0.22436
20190215 0.21659
20190216 0.20857
20190217 0.20032
20190218 0.19185
20190219 0.18319
20190220 0.17435
20190221 0.16536
20190222 0.15623
20190223 0.14698
20190224 0.13764
20190225 0.12822
20190226 0.11874
20190227 0.10923
20190228 0.09969
20190301 0.09016
20190302 0.08065
20190303 0.07118
20190304 0.06176
20190305 0.05242
20190306 0.04316
20190307 0.03400
20190308 0.02496
20190309 0.01606
20190310 0.00730
20190311 -0.00130
20190312 -0.00974
20190313 -0.01799
20190314 -0.02605
20190315 -0.03391
20190316 -0.04155
20190317 -0.04898
20190318 -0.05618
20190319 -0.06315
20190320 -0.06987
20190321 -0.07634
20190322 -0.08254
20190323 -0.08849
20190324 -0.09415
20190325 -0.09953
20190326 -0.10461
20190327 -0.10938
20190328 -0.11381
20190329 -0.11788
20190330 -0.12154
20190331 -0.12485
20190401 -0.12781
20190402 -0.13038
20190403 -0.13257
20190404 -0.13437
20190405 -0.13574
20190406 -0.13662
20190407 -0.13704
20190408 -0.13699
20190409 -0.13654
20190410 -0.13569
20190411 -0.13447
20190412 -0.13292
20190413 -0.13108
20190414 -0.12897
20190415 -0.12660
20190416 -0.12399
20190417 -0.12114
20190418 -0.11804
20190419 -0.11469
20190420 -0.11106
20190421 -0.10709
20190422 -0.10287
20190423 -0.09842
20190424 -0.09379
20190425 -0.08899
20190426 -0.08403
20190427 -0.07893
20190428 -0.07371
20190429 -0.06837
20190430 -0.06292
20190501 -0.05737
20190502 -0.05174
20190503 -0.04601
20190504 -0.04022
20190505 -0.03435
20190506 -0.02841
20190507 -0.02242
20190508 -0.01636
20190509 -0.01025
20190510 -0.00407
20190511 0.00218
20190512 0.00851
20190513 0.01492
20190514 0.02144
20190515 0.02812
20190516 0.03498
20190517 0.04198
20190518 0.04910
20190519 0.05633
20190520 0.06368
20190521 0.07115
20190522 0.07875
20190523 0.08651
20190524 0.09446
20190525 0.10269
20190526 0.11122
20190527 0.11999
20190528 0.12896
20190529 0.13810
20190530 0.14741
20190531 0.15686
20190601 0.16643
20190602 0.17611
20190603 0.18587
20190604 0.19570
20190605 0.20557
20190606 0.21548
20190607 0.22538
20190608 0.23527
20190609 0.24512
20190610 0.25490
20190611 0.26459
20190612 0.27417
20190613 0.28362
20190614 0.29289
20190615 0.30198
20190616 0.31086
20190617 0.31949
20190618 0.32786
20190619 0.33594
20190620 0.34370
20190621 0.35113
20190622 0.35819
20190623 0.36488
20190624 0.37116
20190625 0.37701
20190626 0.38242
20190627 0.38737
20190628 0.39184
20190629 0.39582
20190630 0.39930
20190701 0.40226
20190702 0.40469
20190703 0.40659
20190704 0.40794
20190705 0.40875
20190706 0.40902
20190707 0.40873
20190708 999999.00000
20190709 0.40651
20190710 0.40459
20190711 0.40213
20190712 0.39915
20190713 0.39565
20190714 0.39165
20190715 0.38716
20190716 0.38219
20190717 0.37677
20190718 0.37090
20190719 0.36461
20190720 0.35792
20190721 0.35085
20190722 0.34343
20190723 0.33567
20190724 0.32761
20190725 0.31926
20190726 0.31065
20190727 0.30181
20190728 0.29278
20190729 0.28356
20190730 0.27420
20190731 0.26471
20190801 0.25513
20190802 0.24549
20190803 0.23580
20190804 0.22609
20190805 0.21638
20190806 0.20670
20190807 0.19705
20190808 0.18746
20190809 0.17794
20190810 0.16850
20190811 0.15915
20190812 0.14990
20190813 0.14076
20190814 0.13174
20190815 0.12285
20190816 0.11409
20190817 0.10547
20190818 0.09702
20190819 0.08873
20190820 0.08063
20190821 0.07271
20190822 0.06501
20190823 0.05754
20190824 0.05032
20190825 0.04336
20190826 0.03670
20190827 0.03037
20190828 0.02440
20190829 0.01887
20190830 0.01390
20190831 0.00950
20190901 0.00556
20190902 0.00212
20190903 -0.00090
20190904 -0.00360
20190905 -0.00601
20190906 -0.00817
20190907 -0.01007
20190908 -0.01170
20190909 -0.01315
20190910 -0.01446
20190911 -0.01568
20190912 -0.01684
20190913 -0.01795
20190914 -0.01905
20190915 -0.02015
20190916 -0.02127
20190917 -0.02243
20190918 -0.02364
20190919 -0.02492
20190920 -0.02628
20190921 -0.02772
20190922 -0.02926
20190923 -0.03091
20190924 -0.03267
20190925 -0.03454
20190926 -0.03653
20190927 -0.03864
20190928 -0.04086
20190929 -0.04320
20190930 -0.04564
20191001 -0.04819
20191002 -0.05087
20191003 -0.05366
20191004 -0.05659
20191005 -0.05966
20191006 -0.06285
20191007 -0.06618
20191008 -0.06963
20191009 -0.07321
20191010 -0.07690
20191011 -0.08070
20191012 -0.08461
20191013 -0.08861
20191014 -0.09270
20191015 -0.09687
20191016 -0.10111
20191017 -0.10540
20191018 -0.10975
20191019 -0.11413
20191020 -0.11853
20191021 -0.12296
20191022 -0.12738
20191023 -0.13180
20191024 -0.13620
20191025 -0.14057
20191026 -0.14488
20191027 -0.14914
20191028 -0.15333
20191029 -0.15742
20191030 -0.16140
20191031 -0.16525
20191101 -0.16894
20191102 -0.17242
20191103 -0.17562
20191104 -0.17860
20191105 -0.18141
20191106 -0.18406
20191107 -0.18656
20191108 -0.18891
20191109 -0.19110
20191110 -0.19308
20191111 -0.19487
20191112 -0.19652
20191113 -0.19805
20191114 -0.19949
20191115 -0.20085
20191116 -0.20213
20191117 -0.20334
20191118 -0.20448
20191119 -0.20556
20191120 -0.20657
20191121 -0.20750
20191122 -0.20835
20191123 -0.20911
20191124 -0.20976
20191125 -0.21033
20191126 -0.21079
20191127 -0.21111
20191128 -0.21127
20191129 -0.21134
20191130 -0.21133
20191201 -0.21127
20191202 -0.21116
20191203 -0.21103
20191204 -0.21087
20191205 -0.21070
20191206 -0.21052
20191207 -0.21034
20191208 -0.21016
20191209 -0.21000
20191210 -0.20985
20191211 -0.20973
20191212 -0.20964
20191213 -0.20958
20191214 -0.20956
20191215 -0.20958
20191216 -0.20965
20191217 -0.20978
20191218 -0.20997
20191219 -0.21023
20191220 -0.21055
20191221 -0.21096
20191222 -0.21144
20191223 -0.21200
20191224 -0.21266
20191225 -0.21340
20191226 -0.21423
20191227 -0.21517
20191228 -0.21621
20191229 -0.21737
20191230 -0.21864
20191231 -0.22004
20200101 -0.22156
20200102 -0.22319
20200103 -0.22495
20200104 -0.22682
20200105 -0.22881
20200106 -0.23092
20200107 -0.23315
20200108 -0.23549
20200109 -0.23795
20200110 -0.24053
20200111 -0.24320
20200112 -0.24598
20200113 -0.24884
20200114 -0.25179
20200115 -0.25481
20200116 -0.25788
20200117 -0.26100
20200118 -0.26415
20200119 -0.26732
20200120 -0.27047
20200121 -0.27360
20200122 -0.27667
20200123 -0.27967
20200124 -0.28252
20200125 -0.28522
20200126 -0.28772
20200127 -0.28995
20200128 -0.29174
20200129 -0.29320
20200130 -0.29444
20200131 -0.29552
20200201 -0.29648
20200202 -0.29736
20200203 -0.29816
20200204 -0.29891
20200205 -0.29962
20200206 -0.30030
20200207 -0.30095
20200208 -0.30159
20200209 -0.30222
20200210 -0.30283
20200211 -0.30344
20200212 -0.30404
20200213 -0.30463
20200214 -0.30520
20200215 -0.30576
20200216 -0.30629
20200217 -0.30680
20200218 -0.30727
20200219 -0.30769
20200220 -0.30806
20200221 -0.30837
20200222 -0.30858
20200223 -0.30866
20200224 -0.30864
20200225 -0.30850
20200226 -0.30823
20200227 -0.30781
20200228 -0.30718
20200229 -0.30626
20200301 -0.30506
20200302 -0.30369
20200303 -0.30217
20200304 -0.30054
20200305 -0.29881
20200306 -0.29701
20200307 -0.29515
20200308 -0.29323
20200309 -0.29129
20200310 -0.28932
20200311 -0.28734
20200312 -0.28535
20200313 -0.28338
20200314 -0.28142
20200315 -0.27948
20200316 -0.27758
20200317 -0.27571
20200318 -0.27388
20200319 -0.27209
20200320 -0.27034
20200321 -0.26863
20200322 -0.26695
20200323 -0.26525
20200324 -0.26358
20200325 -0.26196
20200326 -0.26042
20200327 -0.25895
20200328 -0.25758
20200329 -0.25629
20200330 -0.25509
20200331 -0.25396
20200401 -0.25292
20200402 -0.25199
20200403 -0.25117
20200404 -0.25047
20200405 -0.24990
20200406 -0.24945
20200407 -0.24912
20200408 -0.24891
20200409 -0.24882
20200410 -0.24884
20200411 -0.24897
20200412 -0.24921
20200413 -0.24954
20200414 -0.24995
20200415 -0.25045
20200416 -0.25101
20200417 -0.25163
20200418 -0.25230
20200419 -0.25301
20200420 -0.25374
20200421 -0.25447
20200422 -0.25519
20200423 -0.25589
20200424 -0.25654
20200425 -0.25710
20200426 -0.25759
20200427 -0.25799
20200428 -0.25830
20200429 -0.25850
20200430 -0.25858
20200501 -0.25853
20200502 -0.25831
20200503 -0.25791
20200504 -0.25730
20200505 -0.25643
20200506 -0.25521
20200507 -0.25357
20200508 -0.25164
20200509 -0.24946
20200510 -0.24703
20200511 -0.24437
20200512 -0.24146
20200513 -0.23830
20200514 -0.23479
20200515 -0.23100
20200516 -0.22701
20200517 -0.22284
20200518 -0.21854
20200519 -0.21412
20200520 -0.20961
20200521 -0.20502
20200522 -0.20038
20200523 -0.19570
20200524 -0.19100
20200525 -0.18629
20200526 -0.18159
20200527 -0.17692
20200528 -0.17229
20200529 -0.16773
20200530 -0.16324
20200531 -0.15884
20200601 -0.15455
20200602 -0.15039
20200603 -0.14636
20200604 -0.14250
20200605 -0.13880
20200606 -0.13530
20200607 -0.13199
20200608 -0.12890
20200609 -0.12604
20200610 -0.12342
20200611 -0.12106
20200612 -0.11896
20200613 -0.11715
20200614 -0.11562
20200615 -0.11438
20200616 -0.11345
20200617 -0.11284
20200618 -0.11254
20200619 -0.11257
20200620 -0.11292
20200621 -0.11360
20200622 -0.11462
20200623 -0.11596
20200624 -0.11764
20200625 -0.11965
20200626 -0.12199
20200627 -0.12465
20200628 -0.12762
20200629 -0.13091
20200630 -0.13449
20200701 -0.13837
20200702 -0.14254
20200703 -0.14698
20200704 -0.15167
20200705 -0.15662
20200706 -0.16180
20200707 -0.16720
20200708 -0.17281
20200709 -0.17859
20200710 -0.18453
20200711 -0.19062
20200712 -0.19685
20200713 -0.20319
20200714 -0.20963
20200715 -0.21616
20200716 -0.22275
20200717 -0.22938
20200718 -0.23603
20200719 -0.24268
20200720 -0.24932
20200721 -0.25591
20200722 -0.26245
20200723 -0.26890
20200724 -0.27524
20200725 -0.28146
20200726 -0.28752
20200727 -0.29341
20200728 -0.29908
20200729 -0.30451
20200730 -0.30965
20200731 -0.31444
20200801 -0.31872
20200802 -0.32259
20200803 -0.32616
20200804 -0.32945
20200805 -0.33250
20200806 -0.33525
20200807 -0.33780
20200808 -0.34020
20200809 -0.34248
20200810 -0.34466
20200811 -0.34677
20200812 -0.34882
20200813 -0.35084
20200814 -0.35282
20200815 -0.35480
20200816 -0.35678
20200817 -0.35876
20200818 -0.36076
20200819 -0.36278
20200820 -0.36484
20200821 -0.36693
20200822 -0.36907
20200823 -0.37125
20200824 -0.37348
20200825 -0.37576
20200826 -0.37810
20200827 -0.38050
20200828 -0.38295
20200829 -0.38546
20200830 -0.38803
20200831 -0.39065
20200901 -0.39332
20200902 -0.39604
20200903 -0.39881
20200904 -0.40163
20200905 -0.40448
20200906 -0.40736
20200907 -0.41027
20200908 -0.41320
20200909 -0.41615
20200910 -0.41910
20200911 -0.42205
20200912 -0.42498
20200913 -0.42790
20200914 -0.43078
20200915 -0.43362
20200916 -0.43640
20200917 -0.43911
20200918 -0.44173
20200919 -0.44426
20200920 -0.44666
20200921 -0.44892
20200922 -0.45101
20200923 -0.45290
20200924 -0.45455
20200925 -0.45587
20200926 -0.45685
20200927 -0.45743
20200928 -0.45766
20200929 -0.45761
20200930 -0.45732
20201001 -0.45681
20201002 -0.45612
20201003 -0.45524
20201004 -0.45420
20201005 -0.45300
20201006 -0.45164
20201007 -0.45013
20201008 -0.44847
20201009 -0.44666
20201010 -0.44474
20201011 -0.44272
20201012 -0.44063
20201013 -0.43848
20201014 -0.43627
20201015 -0.43403
20201016 -0.43175
20201017 -0.42945
20201018 -0.42712
20201019 -0.42476
20201020 -0.42239
20201021 -0.42002
20201022 -0.41764
20201023 -0.41527
20201024 -0.41293
20201025 -0.41063
20201026 -0.40837
20201027 -0.40616
20201028 -0.40401
20201029 -0.40191
20201030 -0.39988
20201031 -0.39791
20201101 -0.39601
20201102 -0.39418
20201103 -0.39242
20201104 -0.39073
20201105 -0.38911
20201106 -0.38753
20201107 -0.38601
20201108 -0.38455
20201109 -0.38314
20201110 -0.38177
20201111 -0.38045
20201112 -0.37915
20201113 -0.37787
20201114 -0.37661
20201115 -0.37533
20201116 -0.37403
20201117 -0.37268
20201118 -0.37124
20201119 -0.36967
20201120 -0.36799
20201121 -0.36620
20201122 -0.36430
20201123 -0.36229
20201124 -0.36015
20201125 -0.35786
20201126 -0.35538
20201127 -0.35262
20201128 -0.34956
20201129 -0.34628
20201130 -0.34282
20201201 -0.33921
20201202 -0.33547
20201203 -0.33163
20201204 -0.32769
20201205 -0.32366
20201206 -0.31958
20201207 -0.31543
20201208 -0.31125
20201209 -0.30703
20201210 -0.30279
20201211 -0.29854
20201212 -0.29428
20201213 -0.29004
20201214 -0.28581
20201215 -0.28160
20201216 -0.27742
20201217 -0.27327
20201218 -0.26916
20201219 -0.26509
20201220 -0.26107
20201221 -0.25710
20201222 -0.25317
20201223 -0.24929
20201224 -0.24547
20201225 -0.24168
20201226 -0.23794
20201227 -0.23424
20201228 -0.23057
20201229 -0.22693
20201230 -0.22331
20201231 -0.21970
20210101 -0.21608
20210102 -0.21246
20210103 -0.20881
20210104 -0.20511
20210105 -0.20135
20210106 -0.19751
20210107 -0.19355
20210108 -0.18944
20210109 -0.18514
20210110 -0.18056
20210111 -0.17556
20210112 -0.16996
20210113 -0.16400
20210114 -0.15778
20210115 -0.15134
20210116 -0.14472
20210117 -0.13793
20210118 -0.13098
20210119 -0.12387
20210120 -0.11658
20210121 -0.10909
20210122 -0.10134
20210123 -0.09324
20210124 -0.08478
20210125 -0.07601
20210126 -0.06693
20210127 -0.05752
20210128 -0.04767
20210129 -0.03743
20210130 -0.02690
20210131 -0.01613
20210201 -0.00515
20210202 0.00599
20210203 0.01727
20210204 0.02865
20210205 0.04011
20210206 0.05161
20210207 0.06312
20210208 0.07461
20210209 0.08606
20210210 0.09743
20210211 0.10868
20210212 0.11979
20210213 0.13072
20210214 0.14145
20210215 0.15194
20210216 0.16215
20210217 0.17207
20210218 0.18166
20210219 0.19088
20210220 0.19972
20210221 0.20813
20210222 0.21611
20210223 0.22361
20210224 0.23062
20210225 0.23711
20210226 0.24307
20210227 0.24847
20210228 0.25329
20210301 0.25752
20210302 0.26115
20210303 0.26416
20210304 0.26655
20210305 0.26830
20210306 0.26941
20210307 0.26988
20210308 0.26971
20210309 0.26889
20210310 0.26744
20210311 0.26534
20210312 0.26263
20210313 0.25929
20210314 0.25534
20210315 0.25081
20210316 0.24569
20210317 0.24001
20210318 0.23379
20210319 0.22704
20210320 0.21979
20210321 0.21206
20210322 0.20387
20210323 0.19525
20210324 0.18622
20210325 0.17681
20210326 0.16704
20210327 0.15695
20210328 0.14655
20210329 0.13587
20210330 0.12495
20210331 999999.00000
20210401 999999.00000
20210402 999999.00000
20210403 999999.00000
20210404 999999.00000
20210405 999999.00000
20210406 0.04364
20210407 0.03161
20210408 0.01955
20210409 0.00748
20210410 -0.00460
20210411 -0.01667
20210412 -0.02870
20210413 -0.04069
20210414 -0.05261
20210415 -0.06447
20210416 -0.07623
20210417 -0.08790
20210418 -0.09946
20210419 -0.11090
20210420 -0.12221
20210421 -0.13337
20210422 -0.14439
20210423 -0.15524
20210424 -0.16593
20210425 -0.17644
20210426 -0.18677
20210427 -0.19690
20210428 -0.20684
20210429 -0.21657
20210430 -0.22608
20210501 -0.23537
20210502 -0.24443
20210503 -0.25326
20210504 -0.26185
20210505 -0.27020
20210506 -0.27829
20210507 -0.28612
20210508 -0.29368
20210509 -0.30096
20210510 -0.30793
20210511 -0.31457
20210512 -0.32089
20210513 -0.32690
20210514 -0.33259
20210515 -0.33806
20210516 -0.34334
20210517 -0.34846
20210518 -0.35345
20210519 -0.35831
20210520 -0.36306
20210521 -0.36771
20210522 -0.37226
20210523 -0.37673
20210524 -0.38110
20210525 -0.38539
20210526 -0.38959
20210527 -0.39369
20210528 -0.39768
20210529 -0.40154
20210530 -0.40524
20210531 -0.40884
20210601 -0.41234
20210602 -0.41576
20210603 -0.41910
20210604 -0.42238
20210605 -0.42560
20210606 -0.42876
20210607 -0.43187
20210608 -0.43493
20210609 -0.43795
20210610 -0.44093
20210611 -0.44387
20210612 -0.44679
20210613 -0.44968
20210614 -0.45254
20210615 -0.45539
20210616 -0.45822
20210617 -0.46103
20210618 -0.46383
20210619 -0.46662
20210620 -0.46941
20210621 -0.47218
20210622 -0.47495
20210623 -0.47770
20210624 -0.48046
20210625 -0.48320
20210626 -0.48593
20210627 -0.48865
20210628 -0.49135
20210629 -0.49403
20210630 -0.49668
20210701 -0.49929
20210702 -0.50184
20210703 -0.50433
20210704 -0.50675
20210705 -0.50907
20210706 -0.51129
20210707 -0.51345
20210708 -0.51557
20210709 -0.51765
20210710 -0.51970
20210711 -0.52173
20210712 -0.52374
20210713 -0.52574
20210714 -0.52774
20210715 -0.52974
20210716 -0.53174
20210717 -0.53375
20210718 -0.53577
20210719 -0.53780
20210720 -0.53985
20210721 -0.54190
20210722 -0.54397
20210723 -0.54605
20210724 -0.54814
20210725 -0.55024
20210726 -0.55235
20210727 -0.55446
20210728 -0.55658
20210729 -0.55869
20210730 -0.56079
20210731 -0.56288
20210801 -0.56496
20210802 -0.56701
20210803 -0.56903
20210804 -0.57102
20210805 -0.57296
20210806 -0.57485
20210807 -0.57667
20210808 -0.57841
20210809 -0.58006
20210810 -0.58160
20210811 -0.58303
20210812 -0.58436
20210813 -0.58556
20210814 -0.58662
20210815 -0.58752
20210816 -0.58824
20210817 -0.58874
20210818 -0.58890
20210819 -0.58875
20210820 -0.58841
20210821 -0.58792
20210822 -0.58730
20210823 -0.58659
20210824 -0.58581
20210825 -0.58497
20210826 -0.58410
20210827 -0.58321
20210828 -0.58231
20210829 -0.58142
20210830 -0.58055
20210831 -0.57970
20210901 -0.57890
20210902 -0.57814
20210903 -0.57744
20210904 -0.57681
20210905 -0.57625
20210906 -0.57576
20210907 -0.57536
20210908 -0.57505
20210909 -0.57483
20210910 -0.57470
20210911 -0.57467
20210912 -0.57474
20210913 -0.57491
20210914 -0.57518
20210915 -0.57555
20210916 -0.57602
20210917 -0.57658
20210918 -0.57723
20210919 -0.57797
20210920 -0.57880
20210921 -0.57970
20210922 -0.58069
20210923 -0.58175
20210924 -0.58288
20210925 -0.58408
20210926 -0.58533
20210927 -0.58664
20210928 -0.58799
20210929 -0.58937
20210930 -0.59078
20211001 -0.59220
20211002 -0.59361
20211003 -0.59501
20211004 -0.59637
20211005 -0.59764
20211006 -0.59884
20211007 -0.59996
20211008 -0.60103
20211009 -0.60203
20211010 -0.60295
20211011 -0.60379
20211012 -0.60454
20211013 -0.60520
20211014 -0.60577
20211015 -0.60624
20211016 -0.60660
20211017 -0.60684
20211018 -0.60695
20211019 -0.60690
20211020 -0.60665
20211021 -0.60615
20211022 -0.60549
20211023 -0.60471
20211024 -0.60384
20211025 -0.60291
20211026 -0.60192
20211027 -0.60090
20211028 -0.59986
20211029 -0.59880
20211030 -0.59775
20211031 -0.59672
20211101 -0.59570
20211102 -0.59472
20211103 -0.59377
20211104 -0.59287
20211105 -0.59202
20211106 -0.59122
20211107 -0.59049
20211108 -0.58982
20211109 -0.58922
20211110 -0.58868
20211111 -0.58821
20211112 -0.58781
20211113 -0.58747
20211114 -0.58718
20211115 -0.58697
20211116 -0.58683
20211117 -0.58675
20211118 -0.58674
20211119 -0.58679
20211120 -0.58689
20211121 -0.58705
20211122 -0.58726
20211123 -0.58751
20211124 -0.58779
20211125 -0.58810
20211126 -0.58841
20211127 -0.58874
20211128 -0.58905
20211129 -0.58934
20211130 -0.58958
20211201 -0.58975
20211202 -0.58977
20211203 -0.58965
20211204 -0.58944
20211205 -0.58917
20211206 -0.58885
20211207 -0.58850
20211208 -0.58812
20211209 -0.58773
20211210 -0.58733
20211211 -0.58694
20211212 -0.58656
20211213 -0.58620
20211214 -0.58587
20211215 -0.58557
20211216 -0.58532
20211217 -0.58511
20211218 -0.58497
20211219 -0.58489
20211220 -0.58487
20211221 -0.58493
20211222 -0.58507
20211223 -0.58530
20211224 -0.58562
20211225 -0.58603
20211226 -0.58654
20211227 -0.58715
20211228 -0.58786
20211229 -0.58868
20211230 -0.58961
20211231 -0.59065
20220101 -0.59181
20220102 -0.59308
20220103 -0.59446
20220104 -0.59596
20220105 -0.59757
20220106 -0.59930
20220107 -0.60114
20220108 -0.60310
20220109 -0.60516
20220110 -0.60733
20220111 -0.60961
20220112 -0.61199
20220113 -0.61447
20220114 -0.61704
20220115 -0.61971
20220116 -0.62247
20220117 -0.62531
20220118 -0.62822
20220119 -0.63122
20220120 -0.63428
20220121 -0.63740
20220122 -0.64058
20220123 -0.64381
20220124 -0.64710
20220125 -0.65042
20220126 -0.65377
20220127 -0.65716
20220128 -0.66057
20220129 -0.66400
20220130 -0.66744
20220131 -0.67088
20220201 -0.67433
20220202 -0.67777
20220203 -0.68121
20220204 -0.68462
20220205 -0.68802
20220206 -0.69138
20220207 -0.69472
20220208 -0.69802
20220209 -0.70128
20220210 -0.70449
20220211 -0.70765
20220212 -0.71074
20220213 -0.71377
20220214 -0.71675
20220215 -0.71965
20220216 -0.72248
20220217 -0.72521
20220218 -0.72785
20220219 -0.73043
20220220 -0.73296
20220221 -0.73544
20220222 -0.73787
